{"Degrees": {"0": 5, "1": 7, "2": 1, "3": 5, "4": 2, "5": 5, "6": 3, "7": 6, "8": 3, "9": 5, "10": 5, "11": 10, "12": 7, "13": 4, "14": 5, "15": 5, "17": 3, "18": 2, "19": 3, "21": 2, "22": 6, "23": 6, "24": 2, "25": 3, "26": 4, "27": 6, "28": 7, "29": 2, "30": 9, "31": 5, "32": 4, "33": 2, "34": 2, "35": 2, "36": 3, "37": 2, "38": 7, "39": 5, "40": 2, "41": 6, "42": 5, "43": 3, "44": 1, "45": 4, "46": 4, "47": 1, "48": 6, "49": 3, "50": 6, "51": 6, "52": 6, "53": 2, "54": 4, "55": 4, "56": 4, "57": 2, "58": 3, "59": 2, "60": 3, "61": 3, "62": 4, "63": 1, "64": 5, "65": 4, "66": 5, "67": 4, "68": 3, "69": 4, "70": 5, "71": 1, "72": 2, "73": 6, "74": 3, "75": 1, "76": 9, "77": 4, "78": 4, "79": 6, "80": 4, "81": 2, "82": 5, "83": 3, "84": 4, "85": 4, "86": 4, "87": 3, "88": 3, "89": 7, "90": 4, "91": 3, "92": 4, "93": 5, "94": 4, "95": 5, "96": 2, "97": 7, "98": 4, "99": 7}, "RegularEquivalence": [[1.11, 0.1182, -0.0085, -0.2253, -0.1295, -0.154, -0.1305, -0.1136, -0.0757, -0.2335, -0.3951, -0.8066, -0.591, -0.0877, -0.1217, -0.1143, -0.0575, -0.0664, -0.1132, -0.0378, -0.3939, -0.4239, -0.0118, -0.2057, -0.065, -0.2428, -0.4191, -0.0239, -0.3944, -0.1304, -0.0868, -0.0307, -0.0848, -0.031, -0.1374, -0.0577, -0.3825, -0.3326, -0.0463, -0.2324, 0.0365, -0.0424, -0.0838, -0.1492, -0.1397, -0.0193, -0.4079, -0.2193, -0.1704, -0.3638, -0.0597, -0.105, -0.0603, -0.0961, -0.1096, -0.0858, -0.115, -0.0756, -0.0964, -0.1046, -0.1014, -0.0271, -0.4357, -0.1445, -0.1811, -0.3273, -0.0619, -0.1355, -0.2992, -0.008, -0.0119, -0.3203, -0.0434, -0.0087, -0.7603, 0.1506, -0.0398, -0.1848, -0.0662, -0.2461, -0.239, -0.2594, -0.071, -0.1033, -0.0247, 0.1738, -0.2246, -0.3072, -0.1302, -0.0014, -0.1727, -0.2151, -0.1627, -0.2647, -0.2402, 0.071, -0.0892, -0.2644], [0.1182, 1.1719, -0.0105, -0.2458, -0.1442, -0.2353, -0.0907, -0.2246, -0.094, -0.3846, -0.3948, -0.9027, -0.6778, 0.1265, -0.1786, -0.1486, 0.1457, -0.0113, -0.1156, 0.1815, -0.4604, -0.4785, 0.0169, -0.2202, -0.1312, -0.3354, -0.4893, -0.0335, -0.3525, 0.0927, -0.1215, -0.0534, -0.1044, 0.0126, -0.1575, -0.0784, -0.3754, -0.364, -0.051, -0.3343, -0.2216, -0.0523, -0.0979, -0.1868, -0.1707, -0.0212, -0.4695, -0.2024, -0.2675, -0.4453, -0.204, -0.1184, -0.1473, -0.1374, -0.0956, -0.0886, -0.1442, -0.0883, -0.106, -0.1375, -0.1588, -0.0339, -0.4919, -0.1336, -0.0129, -0.3729, -0.089, -0.1697, -0.3554, -0.0085, -0.0718, -0.3481, -0.0625, -0.0125, -0.8957, -0.1103, -0.0423, -0.2322, -0.0936, -0.2762, -0.2897, -0.3094, -0.0495, -0.1144, 0.2079, -0.0198, -0.275, -0.2646, -0.1447, -0.0612, -0.206, -0.2594, -0.2004, -0.3258, -0.251, -0.2295, -0.1001, -0.3586], [-0.0085, -0.0105, 1.0457, 0.0034, -0.005, -0.01, -0.0056, -0.0075, -0.0019, -0.0128, -0.0158, -0.0288, -0.0235, -0.0065, -0.0058, 0.0102, -0.0046, -0.0032, -0.0055, -0.0044, -0.0135, -0.0119, 0.0008, -0.0056, -0.0054, -0.0099, -0.0029, -0.0011, -0.0194, -0.0095, -0.0039, -0.0017, -0.0028, -0.0017, 0.0458, -0.0024, -0.0127, -0.01, -0.0021, -0.0105, -0.0105, 0.2286, -0.0006, -0.0071, -0.006, -0.0006, -0.0202, -0.0093, -0.0089, -0.0126, -0.0085, -0.0034, -0.0025, -0.0046, -0.0033, -0.0035, -0.0045, -0.0033, -0.003, -0.0036, -0.0054, -0.0017, -0.0162, -0.0065, -0.0144, -0.0122, -0.0029, -0.0086, -0.0088, -0.0002, -0.003, -0.0128, -0.002, -0.0004, -0.0261, -0.0066, -0.0012, -0.0054, 0.0512, -0.0081, -0.0087, -0.006, -0.0033, -0.0061, -0.0044, -0.0063, -0.0082, -0.0116, -0.0044, 0.0087, 0.0087, -0.0056, -0.0033, -0.011, -0.0096, -0.0085, -0.0006, -0.0108], [-0.2253, -0.2458, 0.0034, 1.148, -0.1206, -0.2945, -0.0444, -0.2259, 0.0779, -0.3524, -0.2954, -0.5889, -0.5849, -0.0781, -0.1556, -0.156, -0.1412, -0.0655, -0.1181, -0.093, -0.4149, -0.3941, -0.0451, -0.2134, -0.106, -0.2582, -0.3569, -0.0235, -0.4987, -0.2407, -0.0984, -0.0393, -0.0004, -0.0453, 0.1616, -0.0647, 0.0649, 0.0403, -0.0566, -0.2859, -0.292, 0.0171, -0.0714, -0.2118, -0.0462, -0.0032, -0.5328, -0.2027, -0.1207, -0.3345, -0.137, -0.0274, -0.1726, -0.0145, -0.1806, -0.075, -0.1198, -0.0772, -0.0162, -0.0839, -0.1242, -0.0468, -0.3827, -0.1845, -0.3427, -0.2721, -0.0528, -0.2338, -0.3014, 0.0059, -0.0613, -0.3312, -0.0529, -0.0106, -0.7338, -0.1508, 0.0294, 0.2278, -0.0798, -0.1966, -0.23, -0.2488, -0.0652, -0.1442, -0.1082, -0.141, -0.2276, -0.2193, -0.1181, -0.0843, -0.1757, -0.2113, -0.1711, -0.2681, -0.2175, -0.2967, 0.2456, -0.3], [-0.1295, -0.1442, -0.005, -0.1206, 1.0379, -0.1548, -0.0854, -0.125, -0.0438, -0.1967, -0.1875, -0.3454, -0.2899, -0.1018, -0.0795, -0.0851, -0.0763, -0.0322, -0.0608, -0.0493, -0.2116, -0.1909, -0.0255, -0.1046, -0.0631, -0.1535, -0.2024, -0.0156, -0.1984, -0.1298, -0.0557, -0.0306, -0.0381, -0.0219, -0.0696, -0.0314, -0.206, -0.1577, -0.0302, -0.078, -0.1546, -0.025, -0.0405, -0.1094, -0.0914, -0.0087, -0.2606, -0.0976, -0.151, -0.1723, -0.1313, -0.0416, -0.0973, -0.0762, -0.0958, -0.0364, -0.0656, -0.0296, -0.0435, -0.0488, -0.0668, -0.025, -0.161, -0.0952, -0.1756, 0.0889, -0.0464, -0.1252, -0.0885, -0.0056, -0.0462, 0.1007, -0.0282, -0.0056, -0.3751, -0.0804, -0.028, -0.1232, -0.0505, -0.1073, -0.0673, -0.1276, -0.0568, -0.102, -0.0587, -0.0873, -0.1008, -0.1023, -0.0509, -0.0514, -0.0908, -0.1223, -0.0911, -0.087, -0.1088, -0.1812, -0.0468, -0.1413], [-0.154, -0.2353, -0.01, -0.2945, -0.1548, 1.0059, -0.1663, -0.2137, -0.1005, -0.0475, -0.5088, -1.0254, -0.7431, -0.1484, -0.1577, -0.0833, -0.1732, -0.1027, -0.0869, -0.1257, -0.5943, -0.539, -0.0364, -0.188, -0.1606, -0.3001, -0.5151, -0.028, -0.2186, -0.1324, -0.1107, -0.0545, -0.107, -0.0591, -0.1719, -0.0604, -0.5018, -0.4305, -0.0627, -0.3629, -0.3168, -0.0501, -0.103, -0.1516, -0.1974, -0.0252, -0.5325, -0.2241, -0.2297, -0.466, -0.1214, -0.1316, -0.0876, -0.1315, 0.1277, -0.1102, -0.1394, -0.0843, -0.1262, -0.1339, -0.1347, -0.0339, -0.5408, -0.2026, -0.323, -0.4111, -0.0794, -0.1695, -0.4022, -0.0118, -0.0897, -0.3631, -0.0559, -0.0112, -0.9097, -0.1598, -0.0589, -0.2513, -0.0687, -0.3129, -0.2836, -0.3154, -0.1109, 0.106, -0.1199, -0.1197, -0.2896, -0.3933, -0.1754, -0.0087, -0.2013, -0.2062, -0.1869, -0.3346, -0.2488, 0.0618, -0.1171, -0.2742], [-0.1305, -0.0907, -0.0056, -0.0444, -0.0854, -0.1663, 1.0696, -0.15, -0.0323, -0.2443, -0.2454, -0.4662, -0.4112, -0.0343, -0.1088, -0.0926, -0.0868, -0.0402, -0.0715, -0.047, -0.316, -0.2906, -0.0275, -0.1472, -0.0294, -0.1739, -0.3072, -0.014, -0.2669, 0.1121, -0.0694, -0.0345, -0.044, -0.0304, -0.076, -0.0445, 0.0598, -0.1251, -0.0384, -0.21, -0.1992, -0.0282, -0.0614, -0.1272, 0.1762, -0.0092, -0.3516, -0.1313, -0.0339, -0.2461, -0.1373, -0.0654, -0.1061, -0.0402, -0.0548, -0.0506, -0.0798, -0.0505, -0.0459, -0.0808, -0.0976, -0.0194, -0.2942, -0.1225, -0.21, -0.2054, -0.0255, -0.0968, -0.2301, -0.0045, -0.0479, -0.2219, -0.0371, -0.0074, -0.5436, -0.1014, -0.0225, -0.0477, -0.0593, -0.1514, -0.1725, -0.183, -0.0408, -0.1, -0.0568, -0.0956, -0.1698, -0.1444, -0.0952, -0.0505, -0.1251, -0.1618, -0.1176, -0.181, -0.1466, -0.1657, -0.0329, -0.2085], [-0.1136, -0.2246, -0.0075, -0.2259, -0.125, -0.2137, -0.15, 1.1996, -0.0758, -0.2695, -0.4071, -0.7552, -0.5498, -0.1644, 0.2262, -0.0305, -0.1271, -0.0788, -0.1207, -0.1061, -0.3757, -0.3875, -0.0352, -0.192, -0.1146, 0.1242, -0.3833, -0.0109, -0.4398, -0.2136, 0.0288, 0.2441, -0.0774, -0.0438, -0.1294, -0.0193, -0.39, -0.3259, -0.0129, -0.262, 0.0694, -0.0376, -0.0767, 0.1509, -0.1461, -0.019, -0.3581, -0.2306, -0.1403, -0.2447, -0.1782, -0.098, 0.1833, -0.0949, -0.0614, -0.016, -0.0258, -0.0691, -0.0952, -0.095, -0.0203, -0.0384, -0.414, -0.0935, -0.31, -0.3037, -0.0354, -0.1922, -0.2946, 0.0041, -0.0051, -0.3211, 0.0531, 0.0106, -0.7114, -0.1337, 0.0207, -0.2085, -0.0509, -0.2285, -0.1783, -0.2187, -0.0688, -0.1386, -0.0882, -0.1204, -0.2209, -0.306, -0.1309, -0.049, -0.1375, -0.1369, -0.0859, -0.2245, -0.239, -0.159, -0.0758, -0.0854], [-0.0757, -0.094, -0.0019, 0.0779, -0.0438, -0.1005, -0.0323, -0.0758, 1.1457, -0.1183, -0.1431, -0.2679, -0.2349, -0.0339, -0.05, -0.0572, -0.0548, -0.0269, -0.036, -0.0374, -0.1628, -0.1528, -0.0172, -0.0671, -0.0378, -0.0774, -0.1345, -0.0083, -0.1827, -0.093, -0.0287, -0.0053, 0.0364, -0.0169, -0.0132, -0.0216, -0.0289, -0.0796, -0.0201, -0.0415, -0.1068, -0.0096, -0.0269, -0.0777, -0.0396, -0.0051, -0.2043, -0.0837, -0.048, -0.1163, 0.0002, 0.0215, -0.062, 0.0306, -0.0657, -0.0286, -0.0428, -0.0277, -0.0255, 0.2171, -0.0298, -0.018, -0.1512, -0.0718, -0.1332, -0.1131, -0.0198, -0.0902, -0.0975, 0.0099, -0.0152, -0.1057, -0.0164, -0.0033, -0.2864, -0.031, 0.0495, 0.2524, -0.0331, -0.0841, -0.0703, -0.094, -0.016, -0.0305, -0.0419, -0.0417, -0.0741, -0.0928, -0.0428, -0.0311, -0.0674, -0.0185, -0.0578, -0.1026, -0.0901, -0.1052, 0.2589, -0.0996], [-0.2335, -0.3846, -0.0128, -0.3524, -0.1967, -0.0475, -0.2443, -0.2695, -0.1183, 0.7821, -0.6332, -1.1829, -0.8425, -0.2549, -0.1321, -0.1684, -0.2283, -0.1356, -0.1929, -0.1789, -0.7029, -0.5946, -0.0539, -0.3189, -0.1799, -0.3259, -0.6059, -0.0256, -0.6789, -0.3463, -0.1113, -0.0683, -0.1137, -0.0745, -0.2044, -0.0258, -0.6263, -0.5134, -0.0714, -0.4391, -0.4081, -0.0639, -0.1212, -0.2664, -0.2488, -0.0299, -0.7173, -0.3644, -0.3066, -0.5289, -0.0111, -0.146, -0.1468, -0.1795, -0.1657, -0.1284, -0.1795, -0.1064, -0.1496, -0.1734, -0.1086, -0.0516, -0.5922, -0.2458, -0.5131, -0.4621, -0.1024, -0.2582, -0.4948, -0.0144, -0.1175, -0.5216, -0.0507, -0.0101, -0.8773, -0.1727, -0.0719, -0.2803, -0.1025, -0.3555, -0.2884, -0.329, -0.1389, -0.1247, -0.1681, -0.1515, -0.3042, -0.51, -0.2046, -0.0414, -0.2389, -0.3097, -0.1879, -0.3388, -0.3723, -0.0504, -0.1377, -0.1034], [-0.3951, -0.3948, -0.0158, -0.2954, -0.1875, -0.5088, -0.2454, -0.4071, -0.1431, -0.6332, 0.6486, -0.8572, -0.8271, -0.3038, -0.2986, -0.2785, -0.2337, -0.1322, -0.2136, -0.1757, -0.6944, -0.6677, -0.0792, -0.3656, -0.2274, -0.521, -0.6975, -0.0529, -0.7035, -0.4047, -0.1992, -0.0984, -0.1643, -0.0779, -0.2143, -0.1208, -0.6038, -0.16, -0.0961, -0.5146, -0.4772, -0.0788, -0.1395, -0.3333, -0.2183, -0.0155, -0.7465, -0.1077, -0.4586, -0.5621, -0.4305, -0.0945, -0.307, -0.2381, -0.3051, -0.1565, -0.2079, -0.1265, -0.0775, -0.217, -0.275, -0.075, -0.3486, -0.2815, -0.2836, -0.3624, -0.1439, -0.375, -0.5387, -0.017, -0.1431, -0.5749, -0.1037, -0.0207, -1.1078, -0.3135, -0.0851, -0.375, -0.1641, -0.305, -0.4466, -0.3942, -0.1864, -0.334, -0.1773, -0.2218, -0.3669, -0.4837, -0.2122, -0.1623, -0.3009, -0.427, -0.3156, -0.4189, -0.3122, -0.568, -0.1236, -0.5509], [-0.8066, -0.9027, -0.0288, -0.5889, -0.3454, -1.0254, -0.4662, -0.7552, -0.2679, -1.1829, -0.8572, -0.8764, -1.4794, -0.5791, -0.5528, -0.5104, -0.4328, -0.2717, -0.4587, -0.3783, -1.1133, -1.1656, -0.148, -0.7244, -0.4316, -0.9175, -1.2376, -0.0951, -1.6007, -0.8585, -0.3594, -0.1836, -0.3022, -0.1528, -0.3942, -0.2184, -1.0055, -0.5993, -0.1759, -0.9174, -0.8962, -0.1442, -0.2475, -0.6507, -0.4669, -0.0414, -1.5366, -0.6894, -0.8376, -0.855, -0.8351, -0.2576, -0.5751, -0.4512, -0.609, -0.3084, -0.3525, -0.2418, -0.2071, -0.3938, -0.5136, -0.1428, -1.0325, -0.52, -1.0887, -0.6009, -0.257, -0.7141, -0.9579, -0.0326, -0.2695, -1.1262, -0.19, -0.038, -1.9674, -0.5981, -0.1629, -0.6901, -0.2981, -0.4084, -0.8209, -0.6703, -0.3429, -0.6446, -0.3694, -0.5461, -0.6559, -0.989, -0.3947, -0.3072, -0.5289, -0.7836, -0.541, -0.7501, -0.4954, -1.0897, -0.2555, -0.9967], [-0.591, -0.6778, -0.0235, -0.5849, -0.2899, -0.7431, -0.4112, -0.5498, -0.2349, -0.8425, -0.8271, -1.4794, -0.0123, -0.4974, -0.412, -0.3764, -0.3698, -0.2158, -0.3405, -0.3057, -1.0533, -0.9625, -0.1177, -0.5602, -0.3007, -0.7458, -0.9872, -0.0752, -1.1898, -0.5985, -0.2734, -0.1364, -0.255, -0.1106, -0.3379, -0.1588, -1.0318, -0.7064, -0.0821, -0.7704, -0.658, -0.1175, -0.1974, -0.434, -0.4255, -0.043, -0.8891, -0.5735, -0.7094, -0.8532, -0.6473, -0.1601, -0.3627, -0.3766, -0.4304, -0.2526, -0.3009, -0.1363, -0.2149, -0.3259, -0.3963, -0.0567, -0.5781, -0.1371, -0.7982, -0.5377, -0.2171, -0.2835, -0.8095, -0.0264, -0.2069, -0.9118, -0.1428, -0.0286, -1.3531, -0.4619, -0.132, -0.6261, -0.2261, -0.4884, -0.6489, -0.5248, -0.275, -0.5024, -0.2283, -0.4073, -0.4897, -0.8507, -0.3249, -0.2188, -0.418, -0.6243, -0.4447, -0.3412, -0.5338, -0.7502, -0.2224, -0.7187], [-0.0877, 0.1265, -0.0065, -0.0781, -0.1018, -0.1484, -0.0343, -0.1644, -0.0339, -0.2549, -0.3038, -0.5791, -0.4974, 1.0981, -0.1144, -0.1016, -0.05, -0.0367, -0.0943, -0.0086, -0.3554, -0.3354, -0.021, -0.1619, -0.0357, -0.1944, -0.3388, -0.0185, -0.3456, -0.1039, -0.0736, -0.0269, -0.0502, -0.0247, -0.0899, -0.0475, 0.0131, -0.2222, -0.0415, -0.2317, -0.2146, -0.0326, -0.0678, -0.1542, -0.0808, -0.0138, -0.4096, -0.1638, -0.1119, -0.2782, -0.0843, -0.0768, -0.1176, -0.0643, -0.1016, -0.0568, -0.0955, -0.0614, -0.0691, -0.0781, -0.0927, -0.0329, -0.3524, -0.1341, -0.2014, -0.2492, -0.0452, -0.1644, -0.259, 0.006, -0.0558, -0.2598, -0.0392, -0.0078, -0.6348, -0.0879, 0.03, -0.0595, -0.0664, -0.1829, -0.1914, -0.2112, 0.2026, 0.1481, -0.0138, -0.0747, -0.1952, -0.1696, -0.1096, -0.0551, -0.1429, -0.125, -0.0792, -0.2125, -0.185, -0.188, -0.0318, -0.2189], [-0.1217, -0.1786, -0.0058, -0.1556, -0.0795, -0.1577, -0.1088, 0.2262, -0.05, -0.1321, -0.2986, -0.5528, -0.412, -0.1144, 1.2402, -0.0522, -0.1022, -0.0442, -0.0894, -0.0657, -0.303, -0.2456, -0.0294, -0.1472, -0.0667, 0.0267, -0.2889, 0.0017, -0.3343, -0.1722, 0.1148, 0.0429, -0.0242, -0.0331, -0.0947, 0.0429, -0.2651, -0.2365, 0.0032, -0.1798, -0.1142, -0.0292, -0.0578, -0.0498, -0.1065, -0.0138, -0.3347, -0.1566, -0.1205, -0.1869, -0.0497, -0.0719, -0.0147, -0.0743, -0.0864, 0.2181, -0.0543, -0.0383, -0.0689, -0.0686, 0.2617, -0.0305, -0.3014, -0.0989, -0.246, -0.2072, -0.0346, -0.1527, -0.2113, -0.0023, -0.0377, -0.1904, 0.2823, 0.0565, -0.5174, -0.0836, -0.0117, -0.1238, -0.0454, -0.1597, 0.0029, -0.161, -0.0413, -0.087, -0.071, -0.0835, -0.1583, -0.1499, -0.0943, -0.0447, -0.1008, -0.113, -0.0135, -0.1023, -0.1774, -0.1489, -0.0578, 0.213], [-0.1143, -0.1486, 0.0102, -0.156, -0.0851, -0.0833, -0.0926, -0.0305, -0.0572, -0.1684, -0.2785, -0.5104, -0.3764, -0.1016, -0.0522, 1.2419, -0.0887, -0.0513, -0.0854, -0.07, -0.2869, -0.192, -0.008, -0.1419, -0.072, -0.1168, -0.2752, -0.0116, -0.2939, -0.0878, -0.0454, -0.0088, -0.0554, -0.0291, -0.0761, -0.0198, -0.2701, -0.223, -0.0183, -0.179, -0.1583, 0.0509, -0.055, -0.0356, -0.1049, -0.0131, -0.3111, -0.1548, -0.1368, -0.1433, -0.1359, -0.0676, 0.2192, -0.0845, 0.207, -0.0508, -0.0435, -0.0487, -0.0653, -0.0753, -0.0717, -0.0222, -0.279, -0.0461, -0.2255, -0.2065, -0.0384, -0.1111, -0.2101, -0.0027, -0.0486, -0.219, -0.0203, -0.0041, -0.4659, -0.1002, -0.0134, -0.1518, 0.3203, -0.1405, -0.1251, -0.0698, 0.0032, -0.0922, -0.055, -0.0951, -0.147, -0.2016, -0.0903, 0.0486, 0.2601, -0.1403, 0.2028, -0.1582, -0.1609, -0.0692, -0.0588, -0.0875], [-0.0575, 0.1457, -0.0046, -0.1412, -0.0763, -0.1732, -0.0868, -0.1271, -0.0548, -0.2283, -0.2337, -0.4328, -0.3698, -0.05, -0.1022, -0.0887, 1.0737, -0.0344, -0.0824, -0.0052, 0.0078, -0.1971, 0.2148, -0.1176, -0.087, -0.1847, -0.1837, -0.0195, -0.273, -0.0877, -0.0695, -0.0315, -0.0587, -0.013, -0.0696, -0.044, -0.2392, -0.1937, -0.034, -0.1673, -0.1012, -0.0232, -0.0367, -0.1184, -0.1072, -0.0108, -0.2916, -0.1356, -0.1685, -0.2268, -0.1455, -0.064, -0.0974, -0.0868, -0.0936, -0.0547, -0.0798, -0.0525, -0.0538, -0.0707, -0.0931, -0.0262, -0.2618, -0.1003, -0.1444, -0.1902, -0.0536, -0.131, -0.1198, -0.0061, -0.0376, -0.1912, -0.0358, -0.0072, -0.4513, -0.0915, -0.0304, -0.1452, -0.0416, -0.126, -0.1481, -0.1549, -0.0564, -0.1, -0.0004, -0.0695, -0.1367, -0.1715, -0.0647, 0.0004, -0.0965, -0.1314, -0.1144, -0.1799, -0.1412, -0.1711, -0.0581, -0.2003], [-0.0664, -0.0113, -0.0032, -0.0655, -0.0322, -0.1027, -0.0402, -0.0788, -0.0269, -0.1356, -0.1322, -0.2717, -0.2158, -0.0367, -0.0442, -0.0513, -0.0344, 1.0803, -0.044, 0.0343, -0.1475, -0.0847, -0.013, -0.077, -0.0506, -0.1058, -0.1514, -0.0104, -0.1461, -0.0678, -0.0353, -0.0192, -0.0253, 0.0371, -0.0466, -0.0237, -0.076, -0.1114, -0.0093, -0.0915, -0.101, -0.0159, -0.0303, -0.0737, -0.0573, -0.006, -0.183, -0.0191, -0.0845, -0.1348, -0.0832, -0.0367, -0.0504, -0.0444, -0.0591, 0.0277, -0.0474, -0.0294, -0.0302, -0.0412, -0.045, -0.0164, -0.1541, -0.0113, -0.1047, -0.1122, -0.0285, -0.0821, -0.0945, -0.0034, -0.0291, -0.0488, -0.0166, -0.0033, -0.2736, -0.0583, -0.0172, -0.0643, -0.0299, -0.0713, -0.0624, -0.092, -0.034, -0.062, 0.219, -0.0509, -0.0797, 0.1827, -0.0335, -0.0307, -0.0516, -0.0875, -0.0657, -0.1032, -0.0836, -0.1105, -0.0293, -0.1081], [-0.1132, -0.1156, -0.0055, -0.1181, -0.0608, -0.0869, -0.0715, -0.1207, -0.036, -0.1929, -0.2136, -0.4587, -0.3405, -0.0943, -0.0894, -0.0854, -0.0824, -0.044, 1.0877, -0.0554, -0.2711, -0.2535, -0.0255, -0.0615, -0.0694, -0.1556, -0.2412, -0.0141, 0.0549, -0.0625, -0.0599, -0.0299, -0.0401, -0.0276, -0.0773, -0.0358, -0.212, -0.1858, -0.0329, -0.1648, -0.1425, -0.0273, -0.0482, -0.0948, -0.0831, -0.0111, -0.2168, -0.064, -0.0887, -0.2225, -0.117, -0.0592, -0.0915, 0.1882, -0.0659, -0.0502, -0.0704, 0.1953, -0.0553, -0.0644, -0.0799, -0.0229, -0.2477, -0.1047, -0.1119, -0.1757, -0.0346, -0.1145, -0.1771, -0.0058, 0.0091, -0.1286, -0.0311, -0.0062, -0.4493, -0.0929, -0.0288, -0.067, -0.0535, -0.1424, -0.1334, -0.1563, -0.0598, -0.0839, -0.0584, -0.0684, -0.1388, -0.1615, -0.0798, -0.0451, -0.1098, -0.1213, -0.1065, -0.111, -0.0808, -0.1466, -0.0484, -0.1649], [-0.0378, 0.1815, -0.0044, -0.093, -0.0493, -0.1257, -0.047, -0.1061, -0.0374, -0.1789, -0.1757, -0.3783, -0.3057, -0.0086, -0.0657, -0.07, -0.0052, 0.0343, -0.0554, 1.0653, -0.1989, -0.1425, -0.0084, -0.1006, -0.0647, -0.1451, -0.2081, -0.0143, -0.1784, -0.0422, -0.0517, -0.0255, -0.0372, -0.0068, -0.0646, -0.0329, -0.1171, -0.1535, -0.0256, -0.1306, -0.1227, -0.022, -0.0416, -0.0942, -0.0758, -0.0089, -0.2346, -0.0418, -0.1139, -0.1872, -0.1032, -0.0509, -0.0774, -0.059, -0.0664, 0.0158, -0.064, -0.0398, -0.0446, -0.0568, -0.0634, -0.0201, -0.2141, -0.0764, -0.0907, -0.1571, -0.0384, -0.1004, -0.1376, -0.0043, -0.0364, -0.0895, -0.0245, -0.0049, -0.3811, -0.0672, -0.0214, -0.0894, -0.0411, -0.1042, -0.0966, -0.129, -0.0367, -0.0708, 0.0265, -0.0463, -0.1145, 0.1449, -0.0607, -0.0367, -0.0765, -0.1163, -0.0888, -0.1435, -0.1113, -0.1342, -0.0405, -0.1503], [-0.3939, -0.4604, -0.0135, -0.4149, -0.2116, -0.5943, -0.316, -0.3757, -0.1628, -0.7029, -0.6944, -1.1133, -1.0533, -0.3554, -0.303, -0.2869, 0.0078, -0.1475, -0.2711, -0.1989, 0.5307, -0.4385, -0.0313, -0.3282, -0.2775, -0.5355, -0.3606, -0.0589, -0.9252, -0.5017, -0.2059, -0.0952, -0.1706, -0.0717, -0.1686, -0.1291, -0.7441, -0.5403, -0.1089, -0.4462, -0.2472, -0.0676, -0.0721, -0.37, -0.3342, -0.029, -0.8934, -0.4307, -0.5374, -0.617, -0.4832, -0.1807, -0.3273, -0.2724, -0.3506, -0.1674, -0.2305, -0.1578, -0.1448, -0.1928, -0.2791, -0.0913, -0.7317, -0.3386, -0.656, -0.5149, -0.1654, -0.4563, -0.1948, -0.0201, -0.1039, -0.5431, -0.106, -0.0212, -1.215, -0.3202, -0.1004, -0.4496, -0.1558, -0.3103, -0.4036, -0.4184, -0.2149, -0.3576, -0.2036, -0.3066, -0.3632, -0.5341, -0.1549, -0.1645, -0.2599, -0.3549, -0.3411, -0.518, -0.4077, -0.6353, -0.1718, -0.5866], [-0.4239, -0.4785, -0.0119, -0.3941, -0.1909, -0.539, -0.2906, -0.3875, -0.1528, -0.5946, -0.6677, -1.1656, -0.9625, -0.3354, -0.2456, -0.192, -0.1971, -0.0847, -0.2535, -0.1425, -0.4385, 0.6306, -0.0686, -0.3701, -0.2582, -0.5022, -0.5845, -0.0512, -0.8661, -0.4734, -0.1761, -0.0963, -0.1036, -0.0773, -0.2076, -0.1029, -0.6629, -0.5395, -0.097, -0.4642, -0.4469, -0.0593, -0.1169, -0.3523, -0.3167, -0.0307, -0.8437, -0.3535, -0.495, -0.5893, -0.4279, -0.162, -0.2941, -0.2579, -0.3113, -0.0959, -0.2189, -0.1436, -0.1534, -0.2034, -0.1935, -0.0841, -0.6493, -0.3087, -0.6305, -0.494, -0.153, -0.4205, -0.4289, -0.0188, -0.141, -0.4604, -0.0878, -0.0176, -0.9603, -0.3148, -0.0942, -0.3998, -0.0773, -0.107, -0.118, -0.3078, -0.1951, -0.3405, -0.1899, -0.2965, -0.3243, -0.2338, -0.1968, -0.1457, 0.0107, -0.4002, -0.2879, -0.4643, -0.4063, -0.5826, -0.1606, -0.4631], [-0.0118, 0.0169, 0.0008, -0.0451, -0.0255, -0.0364, -0.0275, -0.0352, -0.0172, -0.0539, -0.0792, -0.148, -0.1177, -0.021, -0.0294, -0.008, 0.2148, -0.013, -0.0255, -0.0084, -0.0313, -0.0686, 1.0885, -0.0397, -0.0263, -0.0527, -0.0688, -0.0051, -0.0874, -0.0297, -0.02, -0.0089, -0.0183, -0.006, -0.022, -0.0123, -0.0764, -0.0644, -0.0099, -0.0561, -0.0372, 0.0041, -0.0138, -0.0353, -0.0312, -0.0037, -0.0953, -0.0451, -0.0376, -0.0717, -0.0403, -0.0208, -0.0126, -0.0239, -0.0219, -0.0176, -0.0241, -0.0163, -0.0183, -0.0232, -0.0274, -0.0058, -0.0853, -0.0293, -0.0532, -0.063, -0.0134, -0.0288, -0.0489, -0.0019, -0.0122, -0.0648, -0.0103, -0.0021, -0.1459, -0.0269, -0.0093, -0.0442, 0.0415, -0.0433, -0.0471, -0.0468, -0.0175, -0.028, -0.0063, -0.0211, -0.0451, -0.0588, -0.0237, 0.2279, -0.0164, -0.0425, -0.0307, -0.0559, -0.0471, 0.0093, -0.0185, -0.0564], [-0.2057, -0.2202, -0.0056, -0.2134, -0.1046, -0.188, -0.1472, -0.192, -0.0671, -0.3189, -0.3656, -0.7244, -0.5602, -0.1619, -0.1472, -0.1419, -0.1176, -0.077, -0.0615, -0.1006, -0.3282, -0.3701, -0.0397, 1.0001, -0.1395, -0.201, -0.0126, -0.028, -0.121, -0.1662, -0.0869, -0.0483, -0.0876, -0.0403, -0.0508, -0.061, -0.3999, -0.3118, -0.0523, -0.2228, -0.2384, -0.0279, -0.0025, -0.1669, -0.1698, -0.0171, -0.3943, -0.1538, -0.2505, -0.3324, -0.2086, -0.0953, -0.1582, -0.1207, -0.1326, -0.086, -0.1156, -0.0659, -0.0856, -0.0312, -0.1322, -0.042, -0.3914, -0.1746, -0.2467, -0.2977, -0.0788, -0.2102, -0.1776, -0.0099, -0.0718, -0.2254, -0.0488, -0.0098, -0.6382, -0.1553, -0.0495, -0.2194, -0.0831, -0.2189, -0.2185, -0.227, -0.1044, -0.0849, -0.1024, -0.1322, -0.192, -0.2826, -0.0991, -0.0811, -0.1644, 0.1341, -0.1712, -0.2681, -0.1691, -0.2825, -0.0851, -0.2772], [-0.065, -0.1312, -0.0054, -0.106, -0.0631, -0.1606, -0.0294, -0.1146, -0.0378, -0.1799, -0.2274, -0.4316, -0.3007, -0.0357, -0.0667, -0.072, -0.087, -0.0506, -0.0694, -0.0647, -0.2775, -0.2582, -0.0263, -0.1395, 1.1439, -0.1267, -0.2633, -0.0097, -0.3015, -0.1361, -0.048, -0.0155, -0.0459, -0.0275, -0.0792, -0.0184, -0.1939, -0.1248, -0.0286, -0.1135, -0.1617, -0.0269, -0.0527, -0.117, 0.1831, -0.0084, -0.3074, -0.1442, -0.0743, -0.1814, -0.061, -0.0523, -0.0856, -0.0576, -0.0971, -0.0518, -0.0657, 0.0123, -0.0419, -0.0569, -0.0609, -0.0243, -0.2297, -0.0952, -0.2068, -0.1187, -0.0299, -0.1215, -0.1856, 0.0074, -0.0438, -0.1969, -0.0239, -0.0048, -0.4491, 0.1809, 0.0369, -0.1004, -0.0498, -0.138, -0.1289, -0.1472, 0.2246, -0.078, -0.0609, -0.0666, -0.1278, -0.192, -0.0766, -0.0445, -0.1054, -0.1329, -0.0223, 0.1309, -0.1466, -0.1462, -0.0319, -0.0824], [-0.2428, -0.3354, -0.0099, -0.2582, -0.1535, -0.3001, -0.1739, 0.1242, -0.0774, -0.3259, -0.521, -0.9175, -0.7458, -0.1944, 0.0267, -0.1168, -0.1847, -0.1058, -0.1556, -0.1451, -0.5355, -0.5022, -0.0527, -0.201, -0.1267, 1.0814, -0.4415, 0.0023, -0.6129, -0.3143, 0.2215, 0.0181, -0.0837, -0.06, -0.1498, 0.0127, -0.425, -0.3883, 0.0056, -0.2685, -0.2712, -0.0493, -0.0883, -0.1458, -0.1303, -0.0229, -0.6309, -0.3048, 0.0373, -0.0871, -0.2141, -0.1274, -0.0881, -0.0835, -0.1754, -0.0727, -0.0469, -0.0817, -0.1144, -0.0593, -0.0312, -0.0548, -0.5378, -0.1934, -0.4566, -0.3724, -0.0015, -0.2739, -0.3603, -0.0067, -0.0709, -0.3951, 0.0517, 0.0103, -0.9223, -0.1704, -0.0335, -0.2284, -0.0868, -0.2839, -0.1902, -0.2397, -0.0798, -0.1318, -0.1389, -0.1827, -0.2704, -0.3902, -0.161, -0.0788, -0.1891, 0.0496, -0.0445, -0.253, -0.3061, -0.2544, -0.0993, 0.0615], [-0.4191, -0.4893, -0.0029, -0.3569, -0.2024, -0.5151, -0.3072, -0.3833, -0.1345, -0.6059, -0.6975, -1.2376, -0.9872, -0.3388, -0.2889, -0.2752, -0.1837, -0.1514, -0.2412, -0.2081, -0.3606, -0.5845, -0.0688, -0.0126, -0.2633, -0.4415, 0.7506, -0.0547, -0.8, -0.4689, -0.18, -0.0953, -0.1649, -0.066, 0.0759, -0.1179, -0.7423, -0.5516, -0.1003, -0.3812, -0.4261, -0.0144, 0.1501, -0.3511, -0.3249, -0.0282, -0.8301, -0.4098, -0.5024, -0.5937, -0.4268, -0.1632, -0.3137, -0.2595, -0.3221, -0.1681, -0.22, -0.1463, -0.1408, -0.1059, -0.2606, -0.0852, -0.6663, -0.3213, -0.6221, -0.5193, -0.1554, -0.426, -0.1217, -0.0187, -0.1371, -0.4929, -0.0977, -0.0195, -0.9643, -0.2981, -0.0934, -0.417, -0.1448, -0.3644, -0.4075, -0.3664, -0.2034, -0.2589, -0.2056, -0.2936, -0.294, -0.5514, -0.1245, -0.1604, -0.2742, -0.0137, -0.3214, -0.4901, -0.4075, -0.5885, -0.1496, -0.5346], [-0.0239, -0.0335, -0.0011, -0.0235, -0.0156, -0.028, -0.014, -0.0109, -0.0083, -0.0256, -0.0529, -0.0951, -0.0752, -0.0185, 0.0017, -0.0116, -0.0195, -0.0104, -0.0141, -0.0143, -0.0589, -0.0512, -0.0051, -0.028, -0.0097, 0.0023, -0.0547, 1.0917, -0.063, -0.0304, -0.0019, -0.003, -0.0067, -0.0064, -0.0167, 0.2251, -0.0345, -0.0376, -0.0046, -0.0329, -0.033, -0.0053, -0.0109, -0.0103, -0.0051, -0.0023, -0.0647, -0.0308, 0.0356, -0.023, -0.0211, -0.0129, -0.0122, -0.0008, -0.0161, -0.0072, 0.04, -0.0066, -0.0115, -0.0127, -0.0072, -0.0051, -0.0547, -0.0213, -0.0465, -0.0368, 0.2335, -0.0256, -0.041, -0.0008, -0.0068, -0.0409, -0.0001, -0.0, -0.0956, -0.0175, -0.0041, -0.019, -0.0086, -0.0293, -0.0145, -0.0277, -0.0068, -0.018, -0.0143, -0.0183, -0.0292, -0.0379, -0.0176, -0.0062, -0.0198, -0.0222, -0.0015, -0.0189, -0.0316, -0.0172, -0.0097, 0.0337], [-0.3944, -0.3525, -0.0194, -0.4987, -0.1984, -0.2186, -0.2669, -0.4398, -0.1827, -0.6789, -0.7035, -1.6007, -1.1898, -0.3456, -0.3343, -0.2939, -0.273, -0.1461, 0.0549, -0.1784, -0.9252, -0.8661, -0.0874, -0.121, -0.3015, -0.6129, -0.8, -0.063, 0.6052, -0.1173, -0.2297, -0.1105, -0.1904, -0.0916, -0.2791, -0.1407, -0.858, -0.6715, -0.1191, -0.5504, -0.5087, -0.097, -0.16, -0.3034, -0.359, -0.0391, -0.6373, -0.1275, -0.5551, -0.7894, -0.463, -0.2113, -0.3289, -0.2262, -0.1867, -0.1747, -0.2534, -0.1043, -0.1955, -0.2286, -0.2991, -0.0772, -0.8556, -0.3658, -0.2624, -0.6462, -0.1743, -0.3859, -0.5776, -0.0226, -0.147, -0.3458, -0.1175, -0.0235, -1.5272, -0.3419, -0.1129, -0.4838, -0.1863, -0.4934, -0.4684, -0.5387, -0.2302, -0.2874, -0.1912, -0.224, -0.4689, -0.5393, -0.2667, -0.1638, -0.377, -0.41, -0.3908, -0.5765, -0.1991, -0.5451, -0.2011, -0.6405], [-0.1304, 0.0927, -0.0095, -0.2407, -0.1298, -0.1324, 0.1121, -0.2136, -0.093, -0.3463, -0.4047, -0.8585, -0.5985, -0.1039, -0.1722, -0.0878, -0.0877, -0.0678, -0.0625, -0.0422, -0.5017, -0.4734, -0.0297, -0.1662, -0.1361, -0.3143, -0.4689, -0.0304, -0.1173, 1.0568, -0.118, -0.0531, -0.1012, -0.0372, -0.1514, -0.0726, -0.3739, -0.346, -0.0565, -0.3258, -0.2706, -0.0474, -0.0938, -0.1249, -0.1225, -0.0207, -0.4285, -0.1651, -0.2423, -0.4198, -0.2312, -0.112, -0.1329, -0.1232, 0.1423, -0.0951, -0.1249, -0.0721, -0.1034, -0.1327, -0.1589, 0.0108, -0.4603, -0.1647, -0.1938, -0.3493, -0.0795, 0.0542, -0.3494, -0.0103, -0.0788, -0.2998, -0.0605, -0.0121, -0.8371, -0.1647, -0.0517, -0.2326, -0.0763, -0.2664, -0.2732, -0.2884, -0.0958, -0.1425, -0.0354, -0.1111, -0.2627, -0.3034, -0.1505, -0.0608, -0.1852, -0.2449, -0.1872, -0.2977, -0.1952, -0.1982, -0.0995, -0.3327], [-0.0868, -0.1215, -0.0039, -0.0984, -0.0557, -0.1107, -0.0694, 0.0288, -0.0287, -0.1113, -0.1992, -0.3594, -0.2734, -0.0736, 0.1148, -0.0454, -0.0695, -0.0353, -0.0599, -0.0517, -0.2059, -0.1761, -0.02, -0.0869, -0.048, 0.2215, -0.18, -0.0019, -0.2297, -0.118, 1.1975, 0.0029, -0.0168, -0.0202, -0.0595, 0.0034, -0.1686, -0.1524, 0.2353, -0.1088, -0.1061, -0.0193, -0.036, -0.0614, -0.0603, -0.0089, -0.2376, -0.1132, -0.0319, -0.0812, -0.0157, -0.0481, -0.0276, -0.0388, -0.0671, -0.0045, -0.0311, -0.031, -0.0445, -0.0324, 0.2572, -0.0205, -0.2024, -0.0211, -0.1684, -0.1426, -0.013, -0.1024, -0.1384, -0.0028, -0.029, -0.1361, 0.2734, 0.0547, -0.3489, -0.0519, -0.0141, -0.0734, -0.0333, -0.1071, -0.0106, -0.1002, -0.0328, -0.0449, -0.0396, -0.0542, -0.1038, -0.1371, -0.0614, -0.0307, -0.071, -0.0245, -0.0281, -0.0952, -0.1178, -0.1003, -0.0378, 0.0189], [-0.0307, -0.0534, -0.0017, -0.0393, -0.0306, -0.0545, -0.0345, 0.2441, -0.0053, -0.0683, -0.0984, -0.1836, -0.1364, -0.0269, 0.0429, -0.0088, -0.0315, -0.0192, -0.0299, -0.0255, -0.0952, -0.0963, -0.0089, -0.0483, -0.0155, 0.0181, -0.0953, -0.003, -0.1105, -0.0531, 0.0029, 1.0977, -0.0176, -0.0108, -0.0287, -0.0055, -0.0873, -0.0752, -0.0046, -0.0639, 0.004, -0.0087, -0.0191, 0.0244, -0.0321, -0.0045, -0.0945, -0.0566, -0.0353, -0.0608, -0.0424, -0.0124, 0.0332, -0.0223, -0.0184, -0.0063, -0.0092, -0.0166, -0.0224, -0.021, -0.0084, -0.0097, -0.0994, -0.0259, -0.0774, -0.0734, -0.0095, -0.0485, -0.0732, 0.0489, -0.0037, -0.0795, 0.0096, 0.0019, -0.1765, -0.0305, 0.2445, -0.0429, -0.013, -0.056, -0.0453, -0.0544, 0.0382, -0.0319, -0.0219, -0.0301, -0.0545, -0.0742, -0.0322, -0.0131, -0.0345, -0.0357, -0.0112, -0.0533, -0.0588, -0.0434, 0.0375, -0.0245], [-0.0848, -0.1044, -0.0028, -0.0004, -0.0381, -0.107, -0.044, -0.0774, 0.0364, -0.1137, -0.1643, -0.3022, -0.255, -0.0502, -0.0242, -0.0554, -0.0587, -0.0253, -0.0401, -0.0372, -0.1706, -0.1036, -0.0183, -0.0876, -0.0459, -0.0837, -0.1649, -0.0067, -0.1904, -0.1012, -0.0168, -0.0176, 1.0783, -0.0191, -0.0359, -0.0095, -0.066, -0.1107, -0.0187, -0.0957, -0.1141, -0.0142, -0.033, -0.0827, -0.053, -0.0067, -0.2184, -0.0873, -0.0644, -0.1366, -0.003, -0.0357, -0.0645, 0.0178, -0.0693, -0.0212, -0.0487, -0.0277, -0.0336, -0.0284, 0.0269, -0.0195, -0.1766, -0.0767, -0.1448, -0.1231, -0.0239, -0.0977, -0.1098, -0.0022, -0.0193, -0.0674, -0.0085, -0.0017, -0.3049, -0.0459, -0.0108, 0.2126, -0.0321, -0.0812, 0.1787, -0.0999, -0.032, -0.0486, -0.0451, -0.0465, -0.0902, -0.0816, -0.0506, -0.0327, -0.0582, -0.0826, -0.0529, -0.0985, -0.0985, -0.1129, -0.0021, -0.0408], [-0.031, 0.0126, -0.0017, -0.0453, -0.0219, -0.0591, -0.0304, -0.0438, -0.0169, -0.0745, -0.0779, -0.1528, -0.1106, -0.0247, -0.0331, -0.0291, -0.013, 0.0371, -0.0276, -0.0068, -0.0717, -0.0773, -0.006, -0.0403, -0.0275, -0.06, -0.066, -0.0064, -0.0916, -0.0372, -0.0202, -0.0108, -0.0191, 1.0922, -0.024, -0.0142, -0.0809, -0.0547, -0.0001, -0.0297, -0.0522, -0.0087, -0.0132, -0.0402, -0.0339, 0.0072, -0.0982, -0.0433, -0.0566, -0.0708, -0.0484, -0.0202, -0.0228, -0.0298, -0.0331, -0.016, -0.0258, -0.0168, 0.0362, -0.0181, -0.0299, -0.0087, -0.0822, 0.0198, -0.0564, -0.0627, -0.0178, -0.0435, 0.0028, -0.002, -0.0164, -0.047, -0.0111, -0.0022, -0.1398, -0.0273, -0.0102, -0.0481, -0.0179, -0.046, -0.0476, -0.0491, -0.0199, -0.0352, 0.2323, -0.0272, 0.0118, -0.0468, 0.2286, -0.017, -0.0347, -0.0439, -0.0369, -0.0564, -0.0489, -0.0609, -0.0185, -0.0645], [-0.1374, -0.1575, 0.0458, 0.1616, -0.0696, -0.1719, -0.076, -0.1294, -0.0132, -0.2044, -0.2143, -0.3942, -0.3379, -0.0899, -0.0947, -0.0761, -0.0696, -0.0466, -0.0773, -0.0646, -0.1686, -0.2076, -0.022, -0.0508, -0.0792, -0.1498, 0.0759, -0.0167, -0.2791, -0.1514, -0.0595, -0.0287, -0.0359, -0.024, 1.0933, -0.0389, -0.1482, -0.1123, -0.0334, -0.1439, -0.1542, 0.2291, 0.0152, -0.1197, -0.0802, -0.0069, -0.2928, -0.1318, -0.1335, -0.1982, -0.1213, -0.0415, -0.0997, -0.0594, -0.1038, -0.0521, -0.0725, -0.048, -0.0344, -0.0416, -0.0824, -0.0281, -0.226, -0.1076, -0.2074, -0.1705, -0.0445, -0.1406, -0.0934, -0.0028, -0.0427, -0.1776, -0.0321, -0.0064, -0.3657, -0.0964, -0.014, -0.0433, 0.0063, -0.1203, -0.1362, -0.129, -0.057, -0.0867, -0.0671, -0.0932, -0.1125, -0.1657, -0.0529, -0.0402, -0.0813, -0.0506, -0.1018, -0.1627, -0.1347, -0.1856, 0.0186, -0.1777], [-0.0577, -0.0784, -0.0024, -0.0647, -0.0314, -0.0604, -0.0445, -0.0193, -0.0216, -0.0258, -0.1208, -0.2184, -0.1588, -0.0475, 0.0429, -0.0198, -0.044, -0.0237, -0.0358, -0.0329, -0.1291, -0.1029, -0.0123, -0.061, -0.0184, 0.0127, -0.1179, 0.2251, -0.1407, -0.0726, 0.0034, -0.0055, -0.0095, -0.0142, -0.0389, 1.091, -0.1109, -0.0941, -0.0084, -0.0729, -0.0744, -0.0118, -0.0236, -0.0437, -0.039, -0.0055, -0.1449, -0.0695, -0.0381, -0.0656, -0.0389, -0.0283, -0.0285, -0.03, -0.0393, -0.0086, -0.015, -0.0084, -0.0276, -0.0282, 0.003, -0.012, -0.1169, -0.0456, -0.105, -0.0745, 0.0344, -0.0602, -0.0881, -0.0016, -0.0209, -0.0823, 0.0097, 0.0019, -0.2019, -0.0376, -0.0082, -0.0551, -0.0179, -0.0642, 0.0076, -0.0616, -0.0094, -0.0387, -0.0324, -0.0403, -0.0627, -0.0862, -0.0385, -0.0176, -0.0404, -0.0466, 0.027, -0.006, -0.0718, -0.0576, -0.0246, 0.2299], [-0.3825, -0.3754, -0.0127, 0.0649, -0.206, -0.5018, 0.0598, -0.39, -0.0289, -0.6263, -0.6038, -1.0055, -1.0318, 0.0131, -0.2651, -0.2701, -0.2392, -0.076, -0.212, -0.1171, -0.7441, -0.6629, -0.0764, -0.3999, -0.1939, -0.425, -0.7423, -0.0345, -0.858, -0.3739, -0.1686, -0.0873, -0.066, -0.0809, -0.1482, -0.1109, 0.7851, -0.356, -0.0974, -0.5125, -0.5142, -0.0635, -0.1485, -0.3663, -0.1125, -0.0246, -0.9385, -0.3344, -0.0722, -0.5754, -0.3124, -0.1496, -0.2921, -0.0649, -0.3024, -0.095, -0.2006, -0.1369, -0.123, -0.1881, -0.2304, -0.0787, -0.716, -0.3183, -0.6072, -0.48, -0.0615, -0.3933, -0.5567, -0.0093, -0.1158, -0.5498, -0.0904, -0.0181, -1.315, -0.2803, -0.0466, 0.0756, -0.1565, -0.3337, -0.4058, -0.4392, -0.1043, -0.24, -0.1701, -0.2604, -0.4124, -0.21, -0.2346, -0.143, -0.3057, -0.3991, -0.2939, -0.4725, -0.3727, -0.4823, -0.032, -0.5199], [-0.3326, -0.364, -0.01, 0.0403, -0.1577, -0.4305, -0.1251, -0.3259, -0.0796, -0.5134, -0.16, -0.5993, -0.7064, -0.2222, -0.2365, -0.223, -0.1937, -0.1114, -0.1858, -0.1535, -0.5403, -0.5395, -0.0644, -0.3118, -0.1248, -0.3883, -0.5516, -0.0376, -0.6715, -0.346, -0.1524, -0.0752, -0.1107, -0.0547, -0.1123, -0.0941, -0.356, 0.9041, -0.0778, -0.4031, -0.3981, -0.0502, -0.1103, -0.2849, 0.0764, 0.0327, -0.6815, -0.247, -0.2725, -0.4221, -0.3286, -0.0952, -0.2466, -0.1532, -0.2569, -0.128, -0.1602, -0.1041, 0.1633, -0.1637, -0.2147, -0.0625, -0.4391, -0.2368, -0.4186, -0.3062, -0.0941, -0.3124, -0.4195, -0.01, -0.1103, -0.4823, -0.081, -0.0162, -0.9278, -0.2378, -0.0499, -0.1976, -0.1286, -0.2278, -0.356, -0.3184, -0.1276, -0.2634, -0.1534, -0.2159, -0.2902, -0.4035, -0.1202, -0.128, -0.2419, -0.3357, -0.2411, -0.3349, -0.2542, -0.4472, -0.0369, -0.4328], [-0.0463, -0.051, -0.0021, -0.0566, -0.0302, -0.0627, -0.0384, -0.0129, -0.0201, -0.0714, -0.0961, -0.1759, -0.0821, -0.0415, 0.0032, -0.0183, -0.034, -0.0093, -0.0329, -0.0256, -0.1089, -0.097, -0.0099, -0.0523, -0.0286, 0.0056, -0.1003, -0.0046, -0.1191, -0.0565, 0.2353, -0.0046, -0.0187, -0.0001, -0.0334, -0.0084, -0.0974, -0.0778, 1.0896, -0.0696, -0.0589, -0.0104, -0.0201, -0.0361, -0.038, -0.0045, -0.1088, -0.0585, -0.045, -0.0696, -0.04, -0.0217, 0.0262, -0.0296, -0.0347, -0.0148, -0.0241, -0.0159, -0.0227, -0.0264, 0.0315, -0.0079, -0.0868, 0.2128, -0.0817, -0.0678, -0.0147, -0.0395, -0.0786, -0.002, -0.0177, -0.0831, 0.0497, 0.0099, -0.166, -0.0369, -0.01, -0.0525, -0.0163, -0.0546, -0.041, -0.0546, -0.0219, -0.0373, 0.0305, -0.0336, -0.0533, -0.0771, -0.0309, -0.0154, -0.0372, -0.0421, -0.0295, -0.0464, -0.059, -0.0508, -0.0217, -0.0376], [-0.2324, -0.3343, -0.0105, -0.2859, -0.078, -0.3629, -0.21, -0.262, -0.0415, -0.4391, -0.5146, -0.9174, -0.7704, -0.2317, -0.1798, -0.179, -0.1673, -0.0915, -0.1648, -0.1306, -0.4462, -0.4642, -0.0561, -0.2228, -0.1135, -0.2685, -0.3812, -0.0329, -0.5504, -0.3258, -0.1088, -0.0639, -0.0957, -0.0297, -0.1439, -0.0729, -0.5125, -0.4031, -0.0696, 1.0357, -0.3373, -0.0526, -0.0762, -0.2441, -0.2117, -0.0172, -0.6436, -0.2767, -0.3318, -0.1262, -0.2284, -0.1267, -0.2163, -0.1732, -0.2224, -0.0997, -0.0923, -0.1005, -0.086, 0.1624, -0.1456, -0.0624, -0.5311, -0.239, -0.4448, -0.3729, -0.0914, -0.312, 0.0363, -0.0115, -0.1021, -0.0172, -0.0601, -0.012, -0.871, 0.0923, -0.0577, -0.2674, -0.1086, -0.2763, -0.2109, -0.2391, -0.1105, -0.201, -0.1389, -0.1811, 0.031, -0.3185, -0.0097, -0.1133, -0.1982, -0.1822, -0.1495, -0.3378, -0.2936, -0.4016, -0.1023, -0.3317], [0.0365, -0.2216, -0.0105, -0.292, -0.1546, -0.3168, -0.1992, 0.0694, -0.1068, -0.4081, -0.4772, -0.8962, -0.658, -0.2146, -0.1142, -0.1583, -0.1012, -0.101, -0.1425, -0.1227, -0.2472, -0.4469, -0.0372, -0.2384, -0.1617, -0.2712, -0.4261, -0.033, -0.5087, -0.2706, -0.1061, 0.004, -0.1141, -0.0522, -0.1542, -0.0744, -0.5142, -0.3981, -0.0589, -0.3373, 0.9458, -0.0527, -0.0852, -0.1044, -0.2112, -0.0228, -0.2969, -0.2756, -0.297, -0.4263, -0.2613, -0.1215, -0.1129, -0.1105, -0.17, -0.1013, -0.1243, -0.0935, -0.1139, -0.1402, -0.1544, -0.0507, -0.4934, -0.1885, -0.3228, -0.3739, -0.0909, -0.2533, -0.3116, -0.0099, 0.1671, -0.399, -0.0459, -0.0092, -0.8365, -0.1447, -0.0494, -0.2798, -0.099, -0.2686, -0.2906, -0.2924, -0.1271, -0.21, -0.1127, -0.1095, -0.2644, -0.3921, -0.1484, -0.0847, -0.1993, -0.2572, -0.2101, -0.3252, -0.281, -0.2873, -0.1139, -0.3388], [-0.0424, -0.0523, 0.2286, 0.0171, -0.025, -0.0501, -0.0282, -0.0376, -0.0096, -0.0639, -0.0788, -0.1442, -0.1175, -0.0326, -0.0292, 0.0509, -0.0232, -0.0159, -0.0273, -0.022, -0.0676, -0.0593, 0.0041, -0.0279, -0.0269, -0.0493, -0.0144, -0.0053, -0.097, -0.0474, -0.0193, -0.0087, -0.0142, -0.0087, 0.2291, -0.0118, -0.0635, -0.0502, -0.0104, -0.0526, -0.0527, 1.1428, -0.0029, -0.0355, -0.03, -0.003, -0.1011, -0.0467, -0.0445, -0.063, -0.0426, -0.0168, -0.0123, -0.0228, -0.0164, -0.0174, -0.0226, -0.0165, -0.015, -0.0181, -0.027, -0.0086, -0.0809, -0.0324, -0.0721, -0.0611, -0.0145, -0.0432, -0.0441, -0.0012, -0.0151, -0.064, -0.0101, -0.002, -0.1305, -0.0329, -0.0059, -0.0271, 0.2561, -0.0407, -0.0437, -0.03, -0.0164, -0.0307, -0.0219, -0.0314, -0.041, -0.0578, -0.0218, 0.0435, 0.0435, -0.0281, -0.0165, -0.0552, -0.0482, -0.0426, -0.003, -0.0539], [-0.0838, -0.0979, -0.0006, -0.0714, -0.0405, -0.103, -0.0614, -0.0767, -0.0269, -0.1212, -0.1395, -0.2475, -0.1974, -0.0678, -0.0578, -0.055, -0.0367, -0.0303, -0.0482, -0.0416, -0.0721, -0.1169, -0.0138, -0.0025, -0.0527, -0.0883, 0.1501, -0.0109, -0.16, -0.0938, -0.036, -0.0191, -0.033, -0.0132, 0.0152, -0.0236, -0.1485, -0.1103, -0.0201, -0.0762, -0.0852, -0.0029, 1.03, -0.0702, -0.065, -0.0056, -0.166, -0.082, -0.1005, -0.1187, -0.0854, -0.0326, -0.0627, -0.0519, -0.0644, -0.0336, -0.044, -0.0293, -0.0282, -0.0212, -0.0521, -0.017, -0.1333, -0.0643, -0.1244, -0.1039, -0.0311, -0.0852, -0.0243, -0.0037, -0.0274, -0.0986, -0.0195, -0.0039, -0.1929, -0.0596, -0.0187, -0.0834, -0.029, -0.0729, -0.0815, -0.0733, -0.0407, -0.0518, -0.0411, -0.0587, -0.0588, -0.1103, -0.0249, -0.0321, -0.0548, -0.0027, -0.0643, -0.098, -0.0815, -0.1177, -0.0299, -0.1069], [-0.1492, -0.1868, -0.0071, -0.2118, -0.1094, -0.1516, -0.1272, 0.1509, -0.0777, -0.2664, -0.3333, -0.6507, -0.434, -0.1542, -0.0498, -0.0356, -0.1184, -0.0737, -0.0948, -0.0942, -0.37, -0.3523, -0.0353, -0.1669, -0.117, -0.1458, -0.3511, -0.0103, -0.3034, -0.1249, -0.0614, 0.0244, -0.0827, -0.0402, -0.1197, -0.0437, -0.3663, -0.2849, -0.0361, -0.2441, -0.1044, -0.0355, -0.0702, 1.0715, -0.1449, -0.0167, -0.111, -0.1842, -0.1955, -0.2348, -0.1925, -0.0837, -0.0416, -0.1081, 0.1519, -0.0668, 0.1657, -0.0623, -0.0837, -0.1003, -0.1019, -0.0318, -0.3379, -0.1191, -0.2089, -0.263, -0.008, -0.159, -0.2732, -0.0058, -0.0425, -0.284, -0.0232, -0.0046, -0.5756, -0.1405, -0.0288, -0.2078, -0.0509, -0.2006, -0.2058, -0.1871, -0.0824, -0.1357, -0.0839, -0.1101, -0.1873, -0.2843, -0.1169, -0.0581, -0.1252, -0.18, -0.1122, -0.2169, -0.1908, -0.2043, -0.0804, -0.2081], [-0.1397, -0.1707, -0.006, -0.0462, -0.0914, -0.1974, 0.1762, -0.1461, -0.0396, -0.2488, -0.2183, -0.4669, -0.4255, -0.0808, -0.1065, -0.1049, -0.1072, -0.0573, -0.0831, -0.0758, -0.3342, -0.3167, -0.0312, -0.1698, 0.1831, -0.1303, -0.3249, -0.0051, -0.359, -0.1225, -0.0603, -0.0321, -0.053, -0.0339, -0.0802, -0.039, -0.1125, 0.0764, -0.038, -0.2117, -0.2112, -0.03, -0.065, -0.1449, 1.1162, -0.0006, -0.3911, -0.1571, 0.1452, -0.2352, -0.143, -0.0655, -0.1057, -0.0128, -0.1139, -0.063, -0.0734, -0.0436, -0.003, -0.0833, -0.0987, -0.029, -0.2945, -0.1295, -0.2491, -0.1975, 0.0133, -0.145, -0.2443, -0.0029, -0.0448, -0.2597, -0.0348, -0.007, -0.5659, -0.0622, -0.0144, -0.0814, -0.0636, -0.1567, -0.1836, -0.1871, -0.0038, -0.1173, -0.0783, -0.1063, -0.1737, -0.2084, -0.091, -0.0485, -0.1344, -0.1651, -0.1068, -0.1347, -0.1652, -0.148, -0.0331, -0.1899], [-0.0193, -0.0212, -0.0006, -0.0032, -0.0087, -0.0252, -0.0092, -0.019, -0.0051, -0.0299, -0.0155, -0.0414, -0.043, -0