/**
 * Created by liyp on 2015/5/28.
 */

var getGraphData = function(){
    return {
        "Graph": {"nodes": [
            {"id": "1"},
            {"id": "2"},
            {"id": "3"},
            {"id": "4"},
            {"id": "5"},
            {"id": "6"},
            {"id": "7"},
            {"id": "8"},
            {"id": "9"},
            {"id": "10"},
            {"id": "11"},
            {"id": "12"},
            {"id": "13"},
            {"id": "14"},
            {"id": "15"},
            {"id": "16"},
            {"id": "17"},
            {"id": "18"},
            {"id": "19"},
            {"id": "20"},
            {"id": "21"},
            {"id": "22"},
            {"id": "23"},
            {"id": "24"},
            {"id": "25"},
            {"id": "26"},
            {"id": "27"},
            {"id": "28"},
            {"id": "29"},
            {"id": "30"},
            {"id": "31"},
            {"id": "32"},
            {"id": "33"},
            {"id": "34"},
            {"id": "35"},
            {"id": "36"},
            {"id": "37"},
            {"id": "38"},
            {"id": "39"},
            {"id": "40"},
            {"id": "41"},
            {"id": "42"},
            {"id": "43"},
            {"id": "44"},
            {"id": "45"},
            {"id": "46"},
            {"id": "47"},
            {"id": "48"},
            {"id": "49"},
            {"id": "50"},
            {"id": "51"},
            {"id": "52"},
            {"id": "53"},
            {"id": "54"},
            {"id": "55"},
            {"id": "56"},
            {"id": "57"},
            {"id": "58"},
            {"id": "59"},
            {"id": "60"},
            {"id": "61"},
            {"id": "62"},
            {"id": "63"},
            {"id": "64"},
            {"id": "65"},
            {"id": "66"},
            {"id": "67"},
            {"id": "68"},
            {"id": "69"},
            {"id": "70"},
            {"id": "71"},
            {"id": "72"},
            {"id": "73"},
            {"id": "74"},
            {"id": "75"},
            {"id": "76"},
            {"id": "77"},
            {"id": "78"},
            {"id": "79"},
            {"id": "80"},
            {"id": "81"},
            {"id": "82"},
            {"id": "83"},
            {"id": "84"},
            {"id": "85"},
            {"id": "86"},
            {"id": "87"},
            {"id": "88"},
            {"id": "89"},
            {"id": "90"},
            {"id": "91"},
            {"id": "92"},
            {"id": "93"},
            {"id": "94"},
            {"id": "95"},
            {"id": "96"},
            {"id": "97"},
            {"id": "98"},
            {"id": "99"},
            {"id": "100"}
        ],
            "edges": [
                {"source": 1, "target": 97},
                {"source": 1, "target": 67},
                {"source": 1, "target": 69},
                {"source": 1, "target": 6},
                {"source": 1, "target": 74},
                {"source": 1, "target": 11},
                {"source": 1, "target": 79},
                {"source": 1, "target": 80},
                {"source": 1, "target": 21},
                {"source": 1, "target": 87},
                {"source": 1, "target": 25},
                {"source": 1, "target": 91},
                {"source": 1, "target": 28},
                {"source": 1, "target": 63},
                {"source": 2, "target": 50},
                {"source": 2, "target": 69},
                {"source": 2, "target": 32},
                {"source": 3, "target": 68},
                {"source": 3, "target": 37},
                {"source": 3, "target": 76},
                {"source": 3, "target": 13},
                {"source": 3, "target": 24},
                {"source": 3, "target": 25},
                {"source": 3, "target": 60},
                {"source": 3, "target": 32},
                {"source": 4, "target": 66},
                {"source": 4, "target": 9},
                {"source": 4, "target": 42},
                {"source": 4, "target": 53},
                {"source": 4, "target": 87},
                {"source": 4, "target": 31},
                {"source": 5, "target": 35},
                {"source": 5, "target": 38},
                {"source": 5, "target": 42},
                {"source": 5, "target": 46},
                {"source": 5, "target": 21},
                {"source": 5, "target": 88},
                {"source": 5, "target": 61},
                {"source": 6, "target": 66},
                {"source": 6, "target": 46},
                {"source": 6, "target": 19},
                {"source": 6, "target": 54},
                {"source": 6, "target": 24},
                {"source": 6, "target": 32},
                {"source": 7, "target": 99},
                {"source": 7, "target": 73},
                {"source": 7, "target": 11},
                {"source": 7, "target": 16},
                {"source": 7, "target": 20},
                {"source": 7, "target": 59},
                {"source": 7, "target": 31},
                {"source": 7, "target": 32},
                {"source": 8, "target": 66},
                {"source": 8, "target": 100},
                {"source": 8, "target": 37},
                {"source": 8, "target": 42},
                {"source": 8, "target": 45},
                {"source": 8, "target": 48},
                {"source": 8, "target": 27},
                {"source": 8, "target": 61},
                {"source": 8, "target": 64},
                {"source": 9, "target": 35},
                {"source": 9, "target": 42},
                {"source": 9, "target": 99},
                {"source": 9, "target": 93},
                {"source": 9, "target": 56},
                {"source": 9, "target": 25},
                {"source": 9, "target": 59},
                {"source": 9, "target": 29},
                {"source": 9, "target": 31},
                {"source": 10, "target": 21},
                {"source": 10, "target": 15},
                {"source": 11, "target": 67},
                {"source": 11, "target": 12},
                {"source": 11, "target": 45},
                {"source": 11, "target": 83},
                {"source": 11, "target": 21},
                {"source": 11, "target": 85},
                {"source": 11, "target": 59},
                {"source": 12, "target": 20},
                {"source": 12, "target": 71},
                {"source": 12, "target": 78},
                {"source": 12, "target": 80},
                {"source": 12, "target": 52},
                {"source": 12, "target": 53},
                {"source": 12, "target": 22},
                {"source": 13, "target": 99},
                {"source": 13, "target": 72},
                {"source": 13, "target": 43},
                {"source": 13, "target": 80},
                {"source": 13, "target": 81},
                {"source": 13, "target": 90},
                {"source": 13, "target": 91},
                {"source": 13, "target": 93},
                {"source": 13, "target": 94},
                {"source": 13, "target": 32},
                {"source": 14, "target": 34},
                {"source": 14, "target": 35},
                {"source": 14, "target": 100},
                {"source": 14, "target": 37},
                {"source": 14, "target": 56},
                {"source": 14, "target": 89},
                {"source": 14, "target": 96},
                {"source": 14, "target": 30},
                {"source": 14, "target": 32},
                {"source": 15, "target": 66},
                {"source": 15, "target": 35},
                {"source": 15, "target": 69},
                {"source": 15, "target": 76},
                {"source": 15, "target": 79},
                {"source": 15, "target": 22},
                {"source": 15, "target": 31},
                {"source": 15, "target": 64},
                {"source": 16, "target": 70},
                {"source": 16, "target": 45},
                {"source": 16, "target": 79},
                {"source": 16, "target": 48},
                {"source": 16, "target": 51},
                {"source": 16, "target": 23},
                {"source": 16, "target": 38},
                {"source": 17, "target": 33},
                {"source": 17, "target": 68},
                {"source": 17, "target": 79},
                {"source": 17, "target": 81},
                {"source": 17, "target": 86},
                {"source": 17, "target": 64},
                {"source": 18, "target": 100},
                {"source": 18, "target": 69},
                {"source": 18, "target": 40},
                {"source": 18, "target": 84},
                {"source": 18, "target": 58},
                {"source": 18, "target": 89},
                {"source": 18, "target": 26},
                {"source": 18, "target": 64},
                {"source": 19, "target": 60},
                {"source": 19, "target": 54},
                {"source": 19, "target": 72},
                {"source": 20, "target": 66},
                {"source": 20, "target": 36},
                {"source": 20, "target": 40},
                {"source": 20, "target": 42},
                {"source": 20, "target": 45},
                {"source": 20, "target": 47},
                {"source": 20, "target": 82},
                {"source": 20, "target": 22},
                {"source": 20, "target": 87},
                {"source": 21, "target": 66},
                {"source": 21, "target": 69},
                {"source": 21, "target": 38},
                {"source": 21, "target": 75},
                {"source": 21, "target": 77},
                {"source": 21, "target": 49},
                {"source": 21, "target": 51},
                {"source": 21, "target": 57},
                {"source": 21, "target": 27},
                {"source": 21, "target": 61},
                {"source": 21, "target": 94},
                {"source": 22, "target": 68},
                {"source": 22, "target": 40},
                {"source": 22, "target": 73},
                {"source": 22, "target": 45},
                {"source": 22, "target": 80},
                {"source": 22, "target": 63},
                {"source": 23, "target": 35},
                {"source": 23, "target": 37},
                {"source": 23, "target": 40},
                {"source": 23, "target": 81},
                {"source": 23, "target": 83},
                {"source": 23, "target": 52},
                {"source": 23, "target": 60},
                {"source": 24, "target": 33},
                {"source": 24, "target": 74},
                {"source": 24, "target": 62},
                {"source": 24, "target": 39},
                {"source": 24, "target": 82},
                {"source": 25, "target": 36},
                {"source": 25, "target": 74},
                {"source": 25, "target": 80},
                {"source": 25, "target": 100},
                {"source": 25, "target": 87},
                {"source": 25, "target": 89},
                {"source": 26, "target": 41},
                {"source": 26, "target": 92},
                {"source": 26, "target": 67},
                {"source": 26, "target": 68},
                {"source": 26, "target": 75},
                {"source": 27, "target": 35},
                {"source": 27, "target": 40},
                {"source": 27, "target": 42},
                {"source": 27, "target": 43},
                {"source": 27, "target": 45},
                {"source": 27, "target": 85},
                {"source": 27, "target": 55},
                {"source": 27, "target": 31},
                {"source": 28, "target": 88},
                {"source": 29, "target": 34},
                {"source": 29, "target": 68},
                {"source": 29, "target": 74},
                {"source": 29, "target": 77},
                {"source": 29, "target": 51},
                {"source": 29, "target": 30},
                {"source": 30, "target": 91},
                {"source": 30, "target": 68},
                {"source": 30, "target": 96},
                {"source": 31, "target": 42},
                {"source": 31, "target": 51},
                {"source": 31, "target": 95},
                {"source": 31, "target": 98},
                {"source": 32, "target": 34},
                {"source": 32, "target": 76},
                {"source": 32, "target": 48},
                {"source": 32, "target": 89},
                {"source": 32, "target": 57},
                {"source": 32, "target": 93},
                {"source": 32, "target": 64},
                {"source": 33, "target": 97},
                {"source": 33, "target": 40},
                {"source": 33, "target": 73},
                {"source": 33, "target": 75},
                {"source": 33, "target": 46},
                {"source": 33, "target": 48},
                {"source": 33, "target": 87},
                {"source": 33, "target": 88},
                {"source": 34, "target": 98},
                {"source": 34, "target": 93},
                {"source": 34, "target": 46},
                {"source": 34, "target": 55},
                {"source": 34, "target": 70},
                {"source": 35, "target": 45},
                {"source": 35, "target": 87},
                {"source": 36, "target": 42},
                {"source": 37, "target": 41},
                {"source": 37, "target": 100},
                {"source": 37, "target": 54},
                {"source": 37, "target": 63},
                {"source": 37, "target": 62},
                {"source": 38, "target": 90},
                {"source": 38, "target": 92},
                {"source": 38, "target": 76},
                {"source": 38, "target": 98},
                {"source": 38, "target": 48},
                {"source": 39, "target": 65},
                {"source": 39, "target": 73},
                {"source": 39, "target": 78},
                {"source": 39, "target": 81},
                {"source": 39, "target": 83},
                {"source": 39, "target": 58},
                {"source": 39, "target": 60},
                {"source": 40, "target": 73},
                {"source": 40, "target": 51},
                {"source": 40, "target": 85},
                {"source": 40, "target": 58},
                {"source": 40, "target": 59},
                {"source": 40, "target": 62},
                {"source": 41, "target": 43},
                {"source": 41, "target": 70},
                {"source": 41, "target": 87},
                {"source": 41, "target": 86},
                {"source": 42, "target": 93},
                {"source": 42, "target": 82},
                {"source": 42, "target": 83},
                {"source": 42, "target": 85},
                {"source": 42, "target": 88},
                {"source": 43, "target": 50},
                {"source": 43, "target": 84},
                {"source": 43, "target": 62},
                {"source": 43, "target": 55},
                {"source": 44, "target": 74},
                {"source": 44, "target": 75},
                {"source": 44, "target": 79},
                {"source": 44, "target": 50},
                {"source": 44, "target": 53},
                {"source": 44, "target": 86},
                {"source": 44, "target": 56},
                {"source": 45, "target": 74},
                {"source": 45, "target": 75},
                {"source": 45, "target": 79},
                {"source": 45, "target": 48},
                {"source": 45, "target": 54},
                {"source": 45, "target": 92},
                {"source": 46, "target": 55},
                {"source": 47, "target": 72},
                {"source": 48, "target": 66},
                {"source": 48, "target": 81},
                {"source": 48, "target": 82},
                {"source": 48, "target": 51},
                {"source": 48, "target": 60},
                {"source": 48, "target": 62},
                {"source": 49, "target": 52},
                {"source": 49, "target": 98},
                {"source": 49, "target": 78},
                {"source": 49, "target": 84},
                {"source": 49, "target": 54},
                {"source": 49, "target": 55},
                {"source": 49, "target": 92},
                {"source": 50, "target": 65},
                {"source": 50, "target": 73},
                {"source": 50, "target": 91},
                {"source": 50, "target": 93},
                {"source": 50, "target": 99},
                {"source": 51, "target": 64},
                {"source": 52, "target": 75},
                {"source": 52, "target": 95},
                {"source": 53, "target": 84},
                {"source": 53, "target": 68},
                {"source": 53, "target": 85},
                {"source": 53, "target": 71},
                {"source": 53, "target": 56},
                {"source": 54, "target": 65},
                {"source": 54, "target": 97},
                {"source": 54, "target": 68},
                {"source": 54, "target": 70},
                {"source": 54, "target": 73},
                {"source": 54, "target": 77},
                {"source": 54, "target": 90},
                {"source": 54, "target": 64},
                {"source": 55, "target": 77},
                {"source": 55, "target": 100},
                {"source": 55, "target": 69},
                {"source": 55, "target": 95},
                {"source": 56, "target": 66},
                {"source": 56, "target": 75},
                {"source": 56, "target": 78},
                {"source": 56, "target": 88},
                {"source": 57, "target": 72},
                {"source": 58, "target": 65},
                {"source": 58, "target": 73},
                {"source": 58, "target": 80},
                {"source": 58, "target": 89},
                {"source": 58, "target": 74},
                {"source": 59, "target": 82},
                {"source": 59, "target": 99},
                {"source": 59, "target": 100},
                {"source": 59, "target": 70},
                {"source": 59, "target": 94},
                {"source": 60, "target": 65},
                {"source": 60, "target": 71},
                {"source": 60, "target": 74},
                {"source": 60, "target": 81},
                {"source": 60, "target": 82},
                {"source": 60, "target": 64},
                {"source": 61, "target": 67},
                {"source": 61, "target": 84},
                {"source": 61, "target": 93},
                {"source": 62, "target": 75},
                {"source": 62, "target": 83},
                {"source": 63, "target": 73},
                {"source": 63, "target": 66},
                {"source": 63, "target": 83},
                {"source": 63, "target": 71},
                {"source": 63, "target": 82},
                {"source": 64, "target": 73},
                {"source": 64, "target": 72},
                {"source": 65, "target": 97},
                {"source": 65, "target": 91},
                {"source": 65, "target": 79},
                {"source": 66, "target": 86},
                {"source": 67, "target": 97},
                {"source": 67, "target": 84},
                {"source": 68, "target": 89},
                {"source": 68, "target": 97},
                {"source": 68, "target": 78},
                {"source": 69, "target": 89},
                {"source": 70, "target": 94},
                {"source": 71, "target": 91},
                {"source": 71, "target": 76},
                {"source": 71, "target": 78},
                {"source": 72, "target": 81},
                {"source": 72, "target": 100},
                {"source": 72, "target": 77},
                {"source": 72, "target": 96},
                {"source": 73, "target": 83},
                {"source": 74, "target": 82},
                {"source": 74, "target": 76},
                {"source": 74, "target": 93},
                {"source": 74, "target": 86},
                {"source": 74, "target": 95},
                {"source": 75, "target": 87},
                {"source": 77, "target": 95},
                {"source": 78, "target": 81},
                {"source": 79, "target": 89},
                {"source": 80, "target": 84},
                {"source": 80, "target": 93},
                {"source": 82, "target": 92},
                {"source": 82, "target": 85},
                {"source": 83, "target": 89},
                {"source": 83, "target": 93},
                {"source": 83, "target": 95},
                {"source": 83, "target": 96},
                {"source": 85, "target": 86},
                {"source": 85, "target": 87},
                {"source": 85, "target": 96},
                {"source": 86, "target": 89},
                {"source": 87, "target": 97},
                {"source": 87, "target": 99},
                {"source": 87, "target": 92},
                {"source": 88, "target": 90},
                {"source": 89, "target": 90},
                {"source": 89, "target": 96},
                {"source": 96, "target": 99}
            ]},
        "Equivalence": [
            [1.3308, 0.0461, 0.1125, 0.0911, 0.0886, 0.2032, 0.1147, 0.1256, 0.1264, 0.0417, 0.2691, 0.1109, 0.1278, 0.094, 0.1215, 0.1055, 0.0808, 0.1062, 0.058, 0.1591, 0.2953, 0.1514, 0.0915, 0.1104, 0.2723, 0.0742, 0.1467, 0.1398, 0.0863, 0.0571, 0.0972, 0.1513, 0.1449, 0.0728, 0.1172, 0.0589, 0.1077, 0.0922, 0.0979, 0.154, 0.0703, 0.1574, 0.0707, 0.102, 0.2144, 0.06, 0.0231, 0.1565, 0.0886, 0.0932, 0.1017, 0.0502, 0.084, 0.1647, 0.0909, 0.0834, 0.0519, 0.1349, 0.1135, 0.1397, 0.096, 0.0891, 0.2311, 0.122, 0.1278, 0.1569, 0.2099, 0.1292, 0.2164, 0.0586, 0.0903, 0.0722, 0.1566, 0.2968, 0.1342, 0.0865, 0.0787, 0.0684, 0.2256, 0.2369, 0.0835, 0.1601, 0.1574, 0.0892, 0.1442, 0.1024, 0.289, 0.0677, 0.1731, 0.0625, 0.1827, 0.0918, 0.1516, 0.0595, 0.0771, 0.0793, 0.2396, 0.0351, 0.0944, 0.0982],
            [0.0461, 1.0404, 0.0343, 0.0149, 0.0155, 0.0297, 0.0337, 0.0265, 0.0255, 0.0075, 0.0263, 0.0156, 0.0411, 0.035, 0.0326, 0.0209, 0.0155, 0.0329, 0.0111, 0.0268, 0.0422, 0.0257, 0.0187, 0.0193, 0.028, 0.0119, 0.0289, 0.0057, 0.0169, 0.0125, 0.0212, 0.1483, 0.0244, 0.0316, 0.0219, 0.0086, 0.0223, 0.0187, 0.0215, 0.0313, 0.0122, 0.0312, 0.0274, 0.0264, 0.0349, 0.0131, 0.0046, 0.0419, 0.0162, 0.1276, 0.0214, 0.0086, 0.0152, 0.0317, 0.0296, 0.0175, 0.021, 0.0275, 0.022, 0.0298, 0.0164, 0.0196, 0.0238, 0.04, 0.0312, 0.0276, 0.0135, 0.0251, 0.1278, 0.013, 0.0154, 0.0196, 0.042, 0.037, 0.0214, 0.0286, 0.0154, 0.0131, 0.0261, 0.025, 0.0201, 0.0268, 0.0324, 0.0147, 0.0228, 0.0195, 0.0282, 0.011, 0.0539, 0.0156, 0.0274, 0.0137, 0.0516, 0.0118, 0.0144, 0.0206, 0.02, 0.0088, 0.0299, 0.0216],
            [0.1125, 0.0343, 1.1552, 0.0452, 0.0402, 0.0789, 0.0725, 0.0881, 0.0794, 0.0152, 0.069, 0.0535, 0.2005, 0.0895, 0.0693, 0.061, 0.0586, 0.0607, 0.0466, 0.0832, 0.0822, 0.0854, 0.0812, 0.1737, 0.1911, 0.0439, 0.0752, 0.0146, 0.0621, 0.0448, 0.0555, 0.2368, 0.0832, 0.0638, 0.0636, 0.0366, 0.1811, 0.0604, 0.0861, 0.0908, 0.0468, 0.0915, 0.0539, 0.049, 0.1083, 0.0314, 0.015, 0.1256, 0.0434, 0.0529, 0.0582, 0.0281, 0.0561, 0.1119, 0.0482, 0.0503, 0.0386, 0.0759, 0.0638, 0.2086, 0.0394, 0.0777, 0.0817, 0.1053, 0.0726, 0.0761, 0.0372, 0.1867, 0.0528, 0.0386, 0.0686, 0.0669, 0.0936, 0.1471, 0.0616, 0.1737, 0.0412, 0.0577, 0.0653, 0.0865, 0.0885, 0.1091, 0.0907, 0.0377, 0.0696, 0.0569, 0.0934, 0.0332, 0.1213, 0.0527, 0.0552, 0.0458, 0.1089, 0.0385, 0.0411, 0.0545, 0.0697, 0.0223, 0.0617, 0.0789],
            [0.0911, 0.0149, 0.0452, 1.1168, 0.0562, 0.0493, 0.0699, 0.0904, 0.2068, 0.0162, 0.069, 0.0564, 0.0509, 0.0495, 0.0731, 0.0488, 0.0339, 0.0412, 0.0204, 0.1137, 0.0887, 0.0678, 0.0472, 0.0429, 0.0828, 0.0293, 0.1053, 0.0139, 0.0509, 0.0234, 0.1945, 0.0676, 0.0712, 0.0383, 0.0831, 0.0431, 0.0493, 0.0427, 0.0416, 0.0842, 0.0393, 0.2341, 0.0361, 0.0535, 0.0984, 0.0256, 0.0146, 0.0899, 0.0374, 0.0398, 0.0616, 0.0256, 0.1556, 0.0627, 0.0408, 0.0801, 0.0189, 0.0477, 0.0686, 0.0602, 0.0397, 0.0453, 0.0677, 0.0592, 0.0386, 0.1826, 0.0324, 0.0625, 0.0415, 0.0281, 0.0441, 0.0323, 0.0694, 0.0846, 0.0686, 0.0357, 0.0321, 0.0361, 0.0502, 0.0526, 0.0392, 0.0914, 0.0817, 0.0395, 0.1032, 0.0562, 0.1942, 0.0482, 0.065, 0.027, 0.0288, 0.0493, 0.0896, 0.0236, 0.0459, 0.0422, 0.0553, 0.0313, 0.0672, 0.0455],
            [0.0886, 0.0155, 0.0402, 0.0562, 1.1211, 0.0494, 0.0505, 0.09, 0.0824, 0.0277, 0.074, 0.0376, 0.0492, 0.0542, 0.06, 0.0603, 0.0302, 0.0399, 0.0201, 0.082, 0.217, 0.0561, 0.0541, 0.04, 0.055, 0.0271, 0.1099, 0.0242, 0.0375, 0.0197, 0.0699, 0.0677, 0.0781, 0.0497, 0.1668, 0.0348, 0.0465, 0.1668, 0.0377, 0.0754, 0.0258, 0.2112, 0.0358, 0.0349, 0.1033, 0.1354, 0.0115, 0.0921, 0.0516, 0.0331, 0.0608, 0.0244, 0.037, 0.0634, 0.0557, 0.0537, 0.0318, 0.0429, 0.0504, 0.0553, 0.1597, 0.0431, 0.0513, 0.0562, 0.0349, 0.0789, 0.0434, 0.0444, 0.0537, 0.0284, 0.0279, 0.0329, 0.062, 0.0736, 0.0664, 0.0436, 0.0441, 0.0291, 0.0472, 0.0456, 0.0381, 0.0781, 0.0748, 0.0413, 0.0741, 0.0378, 0.0826, 0.1538, 0.0603, 0.0493, 0.0253, 0.0509, 0.0847, 0.0345, 0.0342, 0.0354, 0.0435, 0.0338, 0.0384, 0.0425],
            [0.2032, 0.0297, 0.0789, 0.0493, 0.0494, 1.1227, 0.0643, 0.0798, 0.0578, 0.0166, 0.0753, 0.043, 0.0718, 0.0638, 0.064, 0.054, 0.0427, 0.0489, 0.1471, 0.0833, 0.1015, 0.0686, 0.0497, 0.1607, 0.0759, 0.03, 0.0705, 0.0237, 0.0433, 0.0266, 0.0496, 0.1951, 0.0876, 0.064, 0.0549, 0.0239, 0.0698, 0.0474, 0.063, 0.0786, 0.0321, 0.0799, 0.0364, 0.0424, 0.1075, 0.1379, 0.0139, 0.109, 0.0516, 0.0431, 0.0528, 0.0239, 0.0392, 0.2034, 0.0555, 0.0513, 0.0352, 0.0606, 0.0525, 0.0891, 0.0388, 0.0588, 0.0813, 0.0923, 0.0647, 0.1798, 0.0456, 0.0732, 0.0589, 0.0433, 0.0388, 0.0553, 0.0917, 0.1094, 0.059, 0.0534, 0.0495, 0.0373, 0.0664, 0.0635, 0.0518, 0.0868, 0.0742, 0.0324, 0.0613, 0.0553, 0.0866, 0.0336, 0.0857, 0.0442, 0.0448, 0.041, 0.0798, 0.0269, 0.0362, 0.0409, 0.0764, 0.0213, 0.0417, 0.0501],
            [0.1147, 0.0337, 0.0725, 0.0699, 0.0505, 0.0643, 1.1615, 0.0912, 0.1152, 0.0188, 0.2099, 0.078, 0.0927, 0.0734, 0.0783, 0.1823, 0.0457, 0.0624, 0.0307, 0.2187, 0.11, 0.1116, 0.077, 0.059, 0.0807, 0.0345, 0.1096, 0.0153, 0.0517, 0.0302, 0.1851, 0.2092, 0.0912, 0.0621, 0.0774, 0.0436, 0.0676, 0.0661, 0.0726, 0.1435, 0.0382, 0.1364, 0.0466, 0.0486, 0.1543, 0.032, 0.0272, 0.1312, 0.0465, 0.0732, 0.0907, 0.0326, 0.0502, 0.1018, 0.0517, 0.0535, 0.0372, 0.0829, 0.2114, 0.0878, 0.0441, 0.0637, 0.0887, 0.1035, 0.0598, 0.0959, 0.0501, 0.07, 0.055, 0.0644, 0.0447, 0.0529, 0.2149, 0.1067, 0.0704, 0.0577, 0.0422, 0.0426, 0.0783, 0.07, 0.0602, 0.1194, 0.1184, 0.037, 0.1004, 0.0534, 0.1159, 0.0387, 0.0989, 0.0398, 0.0415, 0.0537, 0.1028, 0.0478, 0.0537, 0.0658, 0.0603, 0.036, 0.1836, 0.0691],
            [0.1256, 0.0265, 0.0881, 0.0904, 0.09, 0.0798, 0.0912, 1.2124, 0.1106, 0.0263, 0.1136, 0.0665, 0.0854, 0.1011, 0.1052, 0.1089, 0.0672, 0.0934, 0.0432, 0.1552, 0.1582, 0.1167, 0.0961, 0.0734, 0.1017, 0.047, 0.2588, 0.0187, 0.06, 0.0352, 0.1119, 0.1359, 0.1084, 0.0634, 0.1172, 0.0523, 0.211, 0.0848, 0.0744, 0.1469, 0.0578, 0.266, 0.0708, 0.061, 0.2907, 0.043, 0.0237, 0.2743, 0.0645, 0.0584, 0.1081, 0.0383, 0.0618, 0.142, 0.0884, 0.0781, 0.0376, 0.0835, 0.0958, 0.1288, 0.1702, 0.1001, 0.1137, 0.2203, 0.0694, 0.2347, 0.0587, 0.0847, 0.0705, 0.0507, 0.0525, 0.0817, 0.128, 0.1388, 0.1001, 0.0605, 0.0586, 0.0506, 0.0936, 0.0762, 0.0859, 0.1446, 0.1243, 0.0596, 0.1254, 0.0793, 0.119, 0.0609, 0.108, 0.0481, 0.0426, 0.0751, 0.1229, 0.039, 0.056, 0.0638, 0.0708, 0.0325, 0.0624, 0.1986],
            [0.1264, 0.0255, 0.0794, 0.2068, 0.0824, 0.0578, 0.1152, 0.1106, 1.2105, 0.0206, 0.1053, 0.0639, 0.102, 0.0969, 0.0922, 0.0723, 0.0455, 0.0625, 0.0291, 0.1298, 0.1133, 0.0917, 0.0779, 0.0628, 0.2069, 0.0383, 0.1432, 0.0196, 0.1722, 0.0477, 0.2249, 0.1179, 0.0859, 0.0814, 0.1997, 0.0621, 0.0731, 0.0577, 0.0628, 0.1246, 0.0436, 0.284, 0.0539, 0.0712, 0.1422, 0.0371, 0.0184, 0.1134, 0.0499, 0.078, 0.0906, 0.0345, 0.0816, 0.0902, 0.0633, 0.1787, 0.0285, 0.0761, 0.2068, 0.0891, 0.0626, 0.0641, 0.0809, 0.0854, 0.0578, 0.1148, 0.0442, 0.0874, 0.0592, 0.0542, 0.0471, 0.0541, 0.1016, 0.1491, 0.088, 0.0543, 0.0558, 0.055, 0.0716, 0.0943, 0.06, 0.1289, 0.1255, 0.0449, 0.1159, 0.0649, 0.1518, 0.0693, 0.1086, 0.0428, 0.0459, 0.0569, 0.2305, 0.0476, 0.0653, 0.0743, 0.0644, 0.0414, 0.1939, 0.0874],
            [0.0417, 0.0075, 0.0152, 0.0162, 0.0277, 0.0166, 0.0188, 0.0263, 0.0206, 1.0273, 0.0331, 0.0153, 0.017, 0.0157, 0.1287, 0.0198, 0.0128, 0.0175, 0.0076, 0.026, 0.1446, 0.0313, 0.0159, 0.0129, 0.0193, 0.0102, 0.0376, 0.0052, 0.0137, 0.0069, 0.0303, 0.0252, 0.0197, 0.0123, 0.0308, 0.0074, 0.0157, 0.028, 0.0134, 0.0272, 0.0089, 0.0289, 0.012, 0.014, 0.0359, 0.0095, 0.004, 0.0299, 0.0245, 0.0115, 0.0298, 0.0098, 0.0124, 0.0248, 0.0184, 0.0158, 0.0184, 0.0164, 0.0178, 0.0202, 0.0245, 0.0149, 0.0212, 0.0323, 0.0141, 0.044, 0.0137, 0.0178, 0.0382, 0.0102, 0.0114, 0.0142, 0.0239, 0.0268, 0.029, 0.0235, 0.0229, 0.0112, 0.0291, 0.0174, 0.0135, 0.022, 0.022, 0.0122, 0.0213, 0.0152, 0.0256, 0.0108, 0.0238, 0.0104, 0.0103, 0.0146, 0.0206, 0.019, 0.013, 0.0116, 0.0157, 0.0095, 0.0123, 0.0145],
            [0.2691, 0.0263, 0.069, 0.069, 0.074, 0.0753, 0.2099, 0.1136, 0.1053, 0.0331, 1.2001, 0.1845, 0.0826, 0.0717, 0.0802, 0.1018, 0.0519, 0.0732, 0.0346, 0.1542, 0.2509, 0.1272, 0.0864, 0.0687, 0.1069, 0.0565, 0.1458, 0.0316, 0.0578, 0.0355, 0.0946, 0.1142, 0.097, 0.0546, 0.0968, 0.0414, 0.0778, 0.0765, 0.081, 0.1503, 0.0465, 0.1533, 0.0547, 0.0637, 0.262, 0.0366, 0.021, 0.1349, 0.0714, 0.061, 0.0883, 0.0513, 0.0815, 0.1166, 0.0654, 0.0651, 0.0421, 0.0875, 0.2088, 0.0982, 0.0791, 0.0816, 0.1149, 0.0928, 0.07, 0.1133, 0.1765, 0.0869, 0.088, 0.0589, 0.0655, 0.0557, 0.1361, 0.1457, 0.107, 0.0551, 0.061, 0.062, 0.1014, 0.1034, 0.0653, 0.137, 0.2225, 0.064, 0.2166, 0.0753, 0.1423, 0.0465, 0.1152, 0.0437, 0.0584, 0.0746, 0.1122, 0.0601, 0.0641, 0.0806, 0.0958, 0.0297, 0.0891, 0.0773],
            [0.1109, 0.0156, 0.0535, 0.0564, 0.0376, 0.043, 0.078, 0.0665, 0.0639, 0.0153, 0.1845, 1.1444, 0.0662, 0.0464, 0.0635, 0.0529, 0.0385, 0.0496, 0.0238, 0.2097, 0.0891, 0.2119, 0.0642, 0.0458, 0.0745, 0.0337, 0.0772, 0.0142, 0.0393, 0.0268, 0.0551, 0.0701, 0.0643, 0.0343, 0.0572, 0.0383, 0.0518, 0.0405, 0.0661, 0.1101, 0.0287, 0.0983, 0.0362, 0.0552, 0.1284, 0.0219, 0.0247, 0.0836, 0.0634, 0.0422, 0.0493, 0.1388, 0.1746, 0.0756, 0.0397, 0.0692, 0.0197, 0.0716, 0.0669, 0.0822, 0.0378, 0.0487, 0.0907, 0.0629, 0.0495, 0.0818, 0.0479, 0.0946, 0.044, 0.0283, 0.1756, 0.0374, 0.0962, 0.0916, 0.0718, 0.0495, 0.0326, 0.1674, 0.057, 0.1816, 0.0606, 0.0905, 0.0883, 0.0591, 0.0912, 0.0458, 0.0908, 0.0312, 0.0711, 0.0285, 0.0471, 0.0447, 0.0774, 0.0251, 0.0446, 0.0406, 0.0534, 0.0193, 0.0449, 0.0433],
            [0.1278, 0.0411, 0.2005, 0.0509, 0.0492, 0.0718, 0.0927, 0.0854, 0.102, 0.017, 0.0826, 0.0662, 1.2066, 0.0863, 0.0632, 0.0658, 0.0591, 0.0653, 0.0484, 0.0901, 0.1067, 0.0894, 0.0766, 0.072, 0.1082, 0.0356, 0.0958, 0.0174, 0.0563, 0.0474, 0.0652, 0.2503, 0.0767, 0.0809, 0.0684, 0.0311, 0.0829, 0.0652, 0.082, 0.0988, 0.0494, 0.113, 0.1655, 0.0518, 0.1113, 0.0345, 0.0275, 0.1272, 0.0505, 0.1014, 0.063, 0.0302, 0.0513, 0.1074, 0.0665, 0.0539, 0.0542, 0.0871, 0.0925, 0.1194, 0.0582, 0.0719, 0.0744, 0.1101, 0.079, 0.078, 0.043, 0.089, 0.0592, 0.0542, 0.0609, 0.1853, 0.1029, 0.1239, 0.0638, 0.0764, 0.0567, 0.0594, 0.0679, 0.1983, 0.1916, 0.0935, 0.1084, 0.0632, 0.0771, 0.0561, 0.0998, 0.0465, 0.1213, 0.1547, 0.1623, 0.0456, 0.2343, 0.146, 0.0451, 0.0803, 0.0623, 0.0262, 0.1775, 0.0772],
            [0.094, 0.035, 0.0895, 0.0495, 0.0542, 0.0638, 0.0734, 0.1011, 0.0969, 0.0157, 0.0717, 0.0464, 0.0863, 1.171, 0.0704, 0.06, 0.0454, 0.0821, 0.0314, 0.08, 0.0861, 0.0725, 0.0797, 0.0525, 0.0981, 0.0374, 0.0936, 0.0139, 0.0731, 0.1579, 0.0615, 0.233, 0.069, 0.1784, 0.1774, 0.0277, 0.1917, 0.049, 0.0567, 0.0923, 0.0482, 0.0989, 0.0456, 0.0581, 0.1145, 0.044, 0.0154, 0.1052, 0.0449, 0.0499, 0.0571, 0.0285, 0.0577, 0.0974, 0.0747, 0.1637, 0.0393, 0.0764, 0.0745, 0.0787, 0.0417, 0.067, 0.0762, 0.0926, 0.0534, 0.0861, 0.0335, 0.0967, 0.0674, 0.0488, 0.0416, 0.0744, 0.0867, 0.0996, 0.0718, 0.0583, 0.0448, 0.0508, 0.0727, 0.0616, 0.0577, 0.0792, 0.1105, 0.0367, 0.0842, 0.0653, 0.0934, 0.0451, 0.2314, 0.0509, 0.0483, 0.0418, 0.1057, 0.0296, 0.042, 0.1896, 0.0537, 0.0334, 0.0664, 0.1868],
            [0.1215, 0.0326, 0.0693, 0.0731, 0.06, 0.064, 0.0783, 0.1052, 0.0922, 0.1287, 0.0802, 0.0635, 0.0632, 0.0704, 1.1583, 0.0778, 0.065, 0.0781, 0.0307, 0.1138, 0.1286, 0.1946, 0.0697, 0.0516, 0.0755, 0.0346, 0.1145, 0.0158, 0.0487, 0.0283, 0.1801, 0.1107, 0.0742, 0.0468, 0.1811, 0.0303, 0.0648, 0.0658, 0.0571, 0.1104, 0.0337, 0.1134, 0.0409, 0.0583, 0.1488, 0.0305, 0.0168, 0.1153, 0.0478, 0.0471, 0.0856, 0.0301, 0.0503, 0.0978, 0.0601, 0.0616, 0.0293, 0.0707, 0.0618, 0.0908, 0.0447, 0.0538, 0.0915, 0.1956, 0.0638, 0.1976, 0.0375, 0.0794, 0.1686, 0.0347, 0.0532, 0.0539, 0.1103, 0.1104, 0.0687, 0.1568, 0.044, 0.0418, 0.18, 0.0704, 0.0557, 0.0873, 0.0859, 0.037, 0.0765, 0.0648, 0.0972, 0.0362, 0.1068, 0.037, 0.0377, 0.0481, 0.0785, 0.0288, 0.0511, 0.0471, 0.0572, 0.034, 0.0487, 0.057],
            [0.1055, 0.0209, 0.061, 0.0488, 0.0603, 0.054, 0.1823, 0.1089, 0.0723, 0.0198, 0.1018, 0.0529, 0.0658, 0.06, 0.0778, 1.1583, 0.0576, 0.0554, 0.032, 0.1148, 0.1198, 0.0926, 0.1774, 0.0556, 0.0671, 0.0358, 0.1055, 0.0142, 0.0566, 0.0264, 0.0857, 0.1107, 0.0892, 0.0569, 0.0903, 0.0283, 0.0762, 0.1811, 0.0619, 0.1234, 0.0448, 0.1014, 0.0415, 0.057, 0.2591, 0.0308, 0.0161, 0.2562, 0.0501, 0.0461, 0.1897, 0.0404, 0.0425, 0.1104, 0.0476, 0.0485, 0.0277, 0.067, 0.0893, 0.1092, 0.0435, 0.0729, 0.0715, 0.097, 0.0674, 0.0954, 0.0376, 0.0671, 0.0518, 0.1502, 0.041, 0.0463, 0.1036, 0.1113, 0.0814, 0.0583, 0.0423, 0.0403, 0.1874, 0.0559, 0.0815, 0.1059, 0.0945, 0.0327, 0.077, 0.0534, 0.0907, 0.0362, 0.0908, 0.0484, 0.0352, 0.0723, 0.0758, 0.0425, 0.0422, 0.0454, 0.0568, 0.0374, 0.0592, 0.0551],
            [0.0808, 0.0155, 0.0586, 0.0339, 0.0302, 0.0427, 0.0457, 0.0672, 0.0455, 0.0128, 0.0519, 0.0385, 0.0591, 0.0454, 0.065, 0.0576, 1.0981, 0.0554, 0.0276, 0.0631, 0.0625, 0.0699, 0.0566, 0.0526, 0.0542, 0.0386, 0.0583, 0.0115, 0.0455, 0.033, 0.041, 0.0775, 0.1688, 0.0327, 0.047, 0.0181, 0.049, 0.0364, 0.0622, 0.0824, 0.037, 0.0636, 0.0294, 0.0583, 0.0944, 0.0307, 0.0119, 0.0978, 0.0335, 0.0371, 0.0561, 0.0217, 0.0465, 0.0898, 0.0324, 0.0412, 0.0196, 0.0574, 0.0411, 0.0878, 0.0269, 0.0435, 0.052, 0.1743, 0.0593, 0.0676, 0.0292, 0.1695, 0.0406, 0.0277, 0.0345, 0.056, 0.0903, 0.0863, 0.0603, 0.0358, 0.0314, 0.0537, 0.1608, 0.044, 0.1571, 0.0641, 0.0635, 0.0265, 0.0631, 0.1505, 0.0744, 0.0347, 0.0945, 0.0315, 0.0304, 0.0341, 0.0536, 0.019, 0.0276, 0.039, 0.0672, 0.0144, 0.0342, 0.0401],
            [0.1062, 0.0329, 0.0607, 0.0412, 0.0399, 0.0489, 0.0624, 0.0934, 0.0625, 0.0175, 0.0732, 0.0496, 0.0653, 0.0821, 0.0781, 0.0554, 0.0554, 1.1483, 0.0297, 0.0886, 0.0968, 0.0904, 0.0674, 0.051, 0.0919, 0.1463, 0.0921, 0.0137, 0.045, 0.0316, 0.0558, 0.105, 0.081, 0.0461, 0.0608, 0.0267, 0.0749, 0.0444, 0.0721, 0.2194, 0.0454, 0.0861, 0.0537, 0.0456, 0.1039, 0.0286, 0.0154, 0.0914, 0.0554, 0.0479, 0.0756, 0.0281, 0.0542, 0.0967, 0.0703, 0.0457, 0.0268, 0.204, 0.0774, 0.0855, 0.0514, 0.0655, 0.0677, 0.1927, 0.0674, 0.0714, 0.0586, 0.0903, 0.1756, 0.0348, 0.0376, 0.0659, 0.123, 0.1031, 0.0695, 0.0429, 0.0414, 0.0405, 0.0736, 0.0832, 0.0543, 0.0783, 0.0955, 0.1505, 0.0811, 0.0626, 0.0821, 0.0313, 0.2238, 0.0461, 0.0356, 0.051, 0.0746, 0.0274, 0.0394, 0.0626, 0.0582, 0.0202, 0.046, 0.1704],
            [0.058, 0.0111, 0.0466, 0.0204, 0.0201, 0.1471, 0.0307, 0.0432, 0.0291, 0.0076, 0.0346, 0.0238, 0.0484, 0.0314, 0.0307, 0.032, 0.0276, 0.0297, 1.062, 0.0412, 0.045, 0.0379, 0.0425, 0.0423, 0.0357, 0.0166, 0.0373, 0.0074, 0.0253, 0.0161, 0.0253, 0.0611, 0.0391, 0.0249, 0.0294, 0.0118, 0.046, 0.0252, 0.0477, 0.0447, 0.0177, 0.0412, 0.0202, 0.0217, 0.064, 0.0258, 0.0181, 0.0641, 0.0338, 0.0251, 0.0312, 0.0151, 0.0218, 0.1736, 0.0269, 0.0223, 0.0246, 0.0369, 0.0299, 0.1594, 0.0182, 0.0289, 0.0376, 0.0756, 0.0542, 0.0477, 0.0188, 0.0478, 0.0245, 0.0293, 0.0318, 0.1399, 0.0592, 0.0607, 0.0292, 0.0256, 0.0432, 0.0263, 0.0331, 0.0296, 0.0556, 0.0533, 0.0427, 0.0172, 0.033, 0.0252, 0.0394, 0.0161, 0.0432, 0.0306, 0.0234, 0.0232, 0.0381, 0.0153, 0.0214, 0.033, 0.0431, 0.0109, 0.0236, 0.0383],
            [0.1591, 0.0268, 0.0832, 0.1137, 0.082, 0.0833, 0.2187, 0.1552, 0.1298, 0.026, 0.1542, 0.2097, 0.0901, 0.08, 0.1138, 0.1148, 0.0631, 0.0886, 0.0412, 1.2653, 0.1466, 0.2712, 0.1021, 0.0924, 0.1279, 0.0539, 0.1735, 0.0227, 0.0659, 0.0375, 0.1245, 0.1282, 0.1373, 0.0597, 0.1245, 0.1692, 0.0933, 0.0775, 0.0872, 0.2821, 0.0608, 0.2986, 0.0611, 0.0723, 0.3067, 0.043, 0.1335, 0.1834, 0.0662, 0.0682, 0.1033, 0.0561, 0.0888, 0.1311, 0.0672, 0.0869, 0.0345, 0.1104, 0.1328, 0.128, 0.0622, 0.0977, 0.1418, 0.1152, 0.0771, 0.2379, 0.0576, 0.1075, 0.0719, 0.0542, 0.0755, 0.0701, 0.1706, 0.1671, 0.1215, 0.0645, 0.0542, 0.0713, 0.1024, 0.1149, 0.0795, 0.2681, 0.1428, 0.0539, 0.1682, 0.0886, 0.2571, 0.0676, 0.1168, 0.0483, 0.0507, 0.1029, 0.1262, 0.0424, 0.0612, 0.0712, 0.0927, 0.0328, 0.0968, 0.0815],
            [0.2953, 0.0422, 0.0822, 0.0887, 0.217, 0.1015, 0.11, 0.1582, 0.1133, 0.1446, 0.2509, 0.0891, 0.1067, 0.0861, 0.1286, 0.1198, 0.0625, 0.0968, 0.045, 0.1466, 1.3171, 0.1187, 0.0893, 0.0769, 0.1174, 0.067, 0.2613, 0.0367, 0.0883, 0.0407, 0.123, 0.1408, 0.1229, 0.076, 0.1264, 0.0439, 0.0924, 0.2143, 0.077, 0.1617, 0.0552, 0.1755, 0.0795, 0.0814, 0.2104, 0.0642, 0.0234, 0.1839, 0.1973, 0.0676, 0.2122, 0.0676, 0.0737, 0.1499, 0.1244, 0.096, 0.1546, 0.0934, 0.1159, 0.1112, 0.2005, 0.095, 0.1205, 0.1276, 0.0775, 0.2428, 0.0999, 0.0984, 0.2136, 0.0678, 0.0608, 0.0878, 0.1284, 0.1579, 0.2216, 0.0785, 0.1847, 0.0698, 0.1107, 0.1033, 0.0788, 0.1323, 0.1344, 0.0851, 0.137, 0.0868, 0.1583, 0.0715, 0.1315, 0.0674, 0.0649, 0.098, 0.1276, 0.1607, 0.0792, 0.0692, 0.1002, 0.0611, 0.0741, 0.0879],
            [0.1514, 0.0257, 0.0854, 0.0678, 0.0561, 0.0686, 0.1116, 0.1167, 0.0917, 0.0313, 0.1272, 0.2119, 0.0894, 0.0725, 0.1946, 0.0926, 0.0699, 0.0904, 0.0379, 0.2712, 0.1187, 1.2121, 0.0933, 0.0736, 0.1048, 0.0565, 0.1351, 0.0197, 0.0678, 0.046, 0.0914, 0.1098, 0.1216, 0.0527, 0.105, 0.0519, 0.0934, 0.0622, 0.0942, 0.2703, 0.0451, 0.1429, 0.0547, 0.0638, 0.2761, 0.0358, 0.0328, 0.1411, 0.0613, 0.0713, 0.0906, 0.0517, 0.0876, 0.1441, 0.0587, 0.0672, 0.0285, 0.1266, 0.0955, 0.1091, 0.0515, 0.0868, 0.2213, 0.1246, 0.0791, 0.1336, 0.0536, 0.2058, 0.076, 0.0465, 0.0829, 0.0567, 0.2635, 0.1411, 0.0973, 0.0676, 0.0499, 0.0797, 0.1048, 0.2066, 0.0733, 0.1385, 0.1374, 0.0606, 0.1163, 0.069, 0.1307, 0.0454, 0.1205, 0.0462, 0.052, 0.0725, 0.1094, 0.035, 0.053, 0.0614, 0.0886, 0.0268, 0.0652, 0.0689],
            [0.0915, 0.0187, 0.0812, 0.0472, 0.0541, 0.0497, 0.077, 0.0961, 0.0779, 0.0159, 0.0864, 0.0642, 0.0766, 0.0797, 0.0697, 0.1774, 0.0566, 0.0674, 0.0425, 0.1021, 0.0893, 0.0933, 1.1496, 0.0627, 0.0706, 0.0343, 0.1075, 0.0127, 0.0456, 0.0293, 0.0656, 0.0917, 0.0887, 0.0452, 0.1772, 0.0282, 0.1806, 0.0618, 0.1001, 0.2152, 0.0454, 0.1098, 0.0454, 0.0457, 0.1393, 0.0288, 0.0163, 0.1414, 0.0544, 0.0476, 0.083, 0.1407, 0.0454, 0.1003, 0.05, 0.0498, 0.0242, 0.0838, 0.0756, 0.2139, 0.0395, 0.0928, 0.093, 0.096, 0.0712, 0.079, 0.0341, 0.0693, 0.0481, 0.0473, 0.0559, 0.0611, 0.12, 0.1104, 0.0775, 0.0471, 0.0407, 0.0579, 0.0745, 0.0601, 0.1857, 0.1045, 0.2054, 0.0346, 0.0876, 0.0519, 0.0942, 0.0352, 0.094, 0.0368, 0.0372, 0.0489, 0.0864, 0.0289, 0.0613, 0.0608, 0.0549, 0.0227, 0.051, 0.0681],
