{"Degrees": {"0": 3, "1": 4, "2": 3, "3": 5, "4": 2, "5": 7, "6": 5, "7": 5, "8": 3, "9": 5, "10": 5, "11": 7, "12": 2, "13": 5, "14": 9, "15": 4, "16": 4, "17": 7, "18": 4, "19": 3, "20": 3, "21": 6, "22": 5, "23": 2, "24": 6, "25": 7, "26": 1, "27": 1, "28": 6, "29": 4, "30": 2, "31": 3, "32": 8, "33": 3, "34": 3, "35": 3, "36": 2, "37": 6, "38": 4, "39": 3, "40": 5, "41": 3, "42": 5, "43": 5, "44": 6, "45": 8, "46": 2, "47": 3, "48": 3, "49": 7, "50": 6, "51": 4, "52": 5, "53": 3, "54": 4, "55": 2, "56": 5, "57": 3, "58": 2, "59": 4, "60": 2, "61": 6, "62": 3, "63": 3, "64": 6, "65": 7, "66": 6, "67": 1, "68": 4, "69": 5, "70": 4, "71": 4, "72": 3, "73": 6, "74": 5, "75": 3, "76": 4, "77": 3, "78": 1, "79": 5, "80": 1, "81": 2, "82": 4, "83": 3, "84": 2, "85": 4, "86": 1, "87": 4, "88": 4, "89": 6, "90": 5, "91": 5, "92": 1, "94": 6, "95": 3, "96": 7, "97": 1, "98": 2, "99": 3}, "RegularEquivalence": [[1.2647, 0.5374, 0.3657, 0.4825, 0.1739, 0.7642, 0.6946, 0.423, 0.2165, 0.5046, 0.3977, 0.592, 0.129, 0.3991, 0.6678, 0.3564, 0.4164, 0.775, 0.507, 0.1614, 0.2635, 0.7226, 0.4553, 0.1666, 0.5475, 0.5603, 0.1136, 0.0713, 0.4651, 0.2868, 0.2012, 0.3833, 0.8739, 0.2935, 0.2548, 0.2166, 0.1149, 0.7397, 0.3889, 0.1762, 0.3581, 0.1769, 0.4779, 0.5403, 0.8251, 0.4216, 0.2278, 0.2015, 0.173, 0.5324, 0.5682, 0.3686, 0.7043, 0.2302, 0.2512, 0.1072, 0.4435, 0.2645, 0.2686, 0.4136, 0.214, 0.5965, 0.2559, 0.2584, 0.6961, 0.8801, 0.3679, 0.0843, 0.3243, 0.5464, 0.3286, 0.2231, 0.1803, 0.5509, 0.414, 0.2821, 0.3672, 0.1117, 0.1121, 0.5328, 0.1065, 0.1623, 0.2457, 0.1368, 0.1391, 0.2034, 0.0278, 0.4213, 0.4457, 0.5586, 0.4812, 0.4776, 0.0843, 0.6608, 0.5104, 0.7873, 0.0734, 0.1769, 0.4298], [0.5374, 4.0576, 2.0382, 2.5859, 0.7777, 3.8276, 3.4096, 2.109, 0.7424, 2.5771, 1.9555, 2.8664, 0.5589, 1.9628, 2.8871, 1.6897, 2.1296, 3.9079, 2.7322, 0.8192, 1.2918, 3.5798, 2.6061, 0.8675, 2.32, 2.676, 0.5507, 0.3379, 2.3994, 1.3792, 1.0, 0.6146, 4.9933, 1.3875, 1.278, 1.0895, 0.5687, 3.3369, 2.0566, 0.9074, 1.8203, 0.8878, 2.5186, 2.8712, 4.3628, 1.6499, 1.1282, 1.0012, 0.8634, 2.7518, 2.7536, 1.829, 3.4842, 0.8858, 1.3114, 0.5327, 2.1269, 1.2633, 1.3323, 2.0497, 1.077, 3.0252, 1.3796, 1.3883, 3.8093, 4.8267, 1.938, 0.33, 1.4251, 2.7255, 1.4534, 1.1447, 1.0073, 2.7251, 2.1336, 1.2948, 1.9304, 0.5717, 0.5352, 2.7285, 0.5504, 0.813, 1.2503, 0.7008, 0.6015, 1.0253, 0.1203, 2.0117, 2.2434, 2.9654, 2.2844, 2.8618, 0.33, 3.1222, 1.2389, 4.0152, 0.3861, 0.8202, 0.8334], [0.3657, 2.0382, 2.5247, 1.8084, 0.5344, 2.599, 2.3184, 1.4291, 0.5061, 1.7583, 1.3267, 1.9689, 0.3827, 1.329, 1.9736, 1.146, 1.4613, 2.6453, 1.9585, 0.5644, 0.8784, 2.4377, 1.6167, 0.6126, 1.573, 1.8118, 0.3759, 0.2292, 1.7128, 0.9506, 0.6899, 0.4186, 3.5527, 0.9477, 0.8786, 0.7089, 0.3855, 2.265, 1.4588, 0.6312, 1.2511, 0.6006, 1.7442, 1.9431, 2.9864, 1.1263, 0.7742, 0.6984, 0.5848, 1.9076, 1.8796, 1.2448, 2.348, 0.6011, 0.8832, 0.3648, 1.4513, 0.8641, 0.905, 1.3946, 0.7426, 2.0539, 0.9166, 1.1891, 2.8815, 3.1998, 1.3501, 0.2253, 0.9696, 1.8301, 0.9918, 0.7874, 0.6579, 1.878, 1.4805, 0.8892, 1.2853, 0.3972, 0.3624, 1.844, 0.3815, 0.5603, 0.8597, 0.4949, 0.4112, 0.7111, 0.0822, 1.3669, 1.5363, 2.0707, 1.5548, 1.8217, 0.2253, 2.1267, 0.8407, 2.7009, 0.2571, 0.5563, 0.5691], [0.4825, 2.5859, 1.8084, 3.5295, 0.6983, 3.5318, 3.024, 1.8755, 0.6677, 2.3013, 1.7373, 2.5499, 0.5172, 1.773, 2.5939, 1.5377, 1.9773, 3.5356, 2.4199, 0.8056, 1.2246, 3.2085, 2.0975, 0.7679, 2.0761, 2.4056, 0.5061, 0.3075, 2.1404, 1.3631, 0.8885, 0.5552, 4.4208, 1.2646, 1.1604, 0.9239, 0.506, 2.9839, 1.821, 1.094, 1.9442, 0.7924, 2.2686, 2.5312, 3.8345, 1.5086, 1.0128, 0.8973, 0.7643, 2.5054, 2.5305, 1.6481, 3.0556, 0.7848, 1.1834, 0.4826, 1.9321, 1.1192, 1.2132, 1.8863, 0.9637, 2.7982, 1.1889, 1.2802, 3.3412, 4.0955, 1.6993, 0.3017, 1.2809, 2.379, 1.3088, 1.0772, 0.8527, 2.445, 1.8925, 1.159, 1.6955, 0.5774, 0.4811, 2.3883, 0.5011, 0.7263, 1.1528, 0.6401, 0.5404, 0.9311, 0.1081, 1.8093, 2.2956, 2.893, 2.0375, 2.3159, 0.3017, 2.7955, 1.1085, 3.5827, 0.3391, 0.7373, 0.7488], [0.1739, 0.7777, 0.5344, 0.6983, 1.3461, 1.1263, 0.9712, 0.6169, 0.2531, 0.7398, 0.5865, 0.9231, 0.159, 0.5703, 1.1907, 0.4932, 0.6132, 1.1415, 0.7385, 0.237, 0.3779, 1.0232, 0.6606, 0.2577, 0.6705, 0.8028, 0.1591, 0.0986, 0.7499, 0.3873, 0.3074, 0.1809, 1.269, 0.476, 0.3876, 0.3, 0.167, 0.9799, 0.5717, 0.2502, 0.5166, 0.2485, 0.6919, 0.7859, 1.1859, 0.4778, 0.3334, 0.5396, 0.249, 0.7887, 0.7954, 0.6019, 0.9902, 0.2529, 0.3659, 0.1569, 0.7113, 0.3595, 0.3874, 0.5972, 0.323, 0.8825, 0.3684, 0.377, 1.0259, 1.2663, 0.5387, 0.0956, 0.5015, 0.7585, 0.4406, 0.3171, 0.2615, 0.7838, 0.6137, 0.449, 0.5398, 0.1652, 0.1606, 0.7811, 0.1577, 0.25, 0.3616, 0.2144, 0.2481, 0.3067, 0.0496, 0.5816, 0.6434, 0.8121, 0.6768, 0.6925, 0.0956, 0.975, 0.3649, 1.1466, 0.108, 0.2609, 0.3235], [0.7642, 3.8276, 2.599, 3.5318, 1.1263, 6.9868, 4.7059, 2.9533, 1.0691, 3.754, 2.79, 4.0177, 0.7824, 2.9598, 4.1986, 2.7644, 3.3443, 6.0922, 3.5559, 1.1689, 1.904, 5.0967, 3.3567, 1.1764, 3.3227, 3.9058, 0.7919, 0.5529, 3.2592, 1.9401, 1.3838, 0.8611, 6.2236, 2.0751, 1.9334, 1.4722, 0.8001, 4.68, 2.8119, 1.2528, 2.6541, 1.2104, 3.4662, 3.9373, 5.8006, 2.3272, 1.5661, 1.4331, 1.1984, 3.7839, 3.9595, 2.78, 4.7111, 1.2141, 1.8838, 0.7854, 3.4215, 1.7339, 2.0103, 2.9286, 1.4968, 4.7258, 1.8081, 1.8538, 4.9176, 6.1381, 2.6227, 0.4654, 2.0739, 3.6671, 2.0652, 1.5848, 1.3003, 3.7372, 2.9014, 1.833, 2.7568, 0.7919, 0.7812, 3.7194, 0.7568, 1.2089, 1.7396, 0.9673, 0.8747, 1.4509, 0.1749, 2.8603, 3.4814, 4.0474, 3.2409, 3.4194, 0.4654, 4.3643, 1.7534, 6.1043, 0.5514, 1.1959, 1.2064], [0.6946, 3.4096, 2.3184, 3.024, 0.9712, 4.7059, 5.5281, 2.6109, 0.9496, 3.1189, 2.4107, 3.5793, 0.6873, 2.481, 3.6345, 2.1206, 2.5783, 4.8599, 3.1917, 0.9931, 1.6149, 4.7935, 2.813, 1.0236, 2.992, 3.3952, 0.7152, 0.4241, 2.8718, 1.6606, 1.242, 0.7678, 5.5732, 1.7171, 1.5677, 1.2598, 0.7005, 4.5608, 2.4463, 1.0743, 2.1983, 1.0916, 2.9613, 3.4539, 5.5217, 2.069, 1.3978, 1.2215, 1.1058, 3.284, 3.5761, 2.2644, 4.6272, 1.0752, 1.5587, 0.6651, 2.6295, 1.5214, 1.6872, 2.57, 1.3081, 3.6988, 1.588, 1.6127, 4.4061, 5.6292, 2.2459, 0.4138, 1.8038, 3.3902, 1.8886, 1.3673, 1.1395, 3.3486, 2.6308, 1.6308, 2.2827, 0.6868, 0.679, 3.2919, 0.6568, 0.9751, 1.515, 0.8448, 0.7572, 1.2525, 0.1514, 2.5933, 2.7752, 3.4991, 3.1372, 3.0329, 0.4138, 4.0278, 1.6495, 4.867, 0.4565, 1.0398, 1.0557], [0.423, 2.109, 1.4291, 1.8755, 0.6169, 2.9533, 2.6109, 2.8962, 0.5779, 2.0092, 1.5122, 2.2648, 0.4364, 1.5114, 2.2557, 1.331, 1.6312, 3.0519, 1.9514, 0.6807, 0.9877, 2.7922, 1.7639, 0.6548, 1.9243, 2.0498, 0.4232, 0.2662, 1.8316, 1.0396, 0.7689, 0.4796, 3.3963, 1.0692, 0.9829, 0.7878, 0.4495, 2.5724, 1.5256, 0.6818, 1.3775, 0.7352, 1.8268, 2.0998, 3.2018, 1.3119, 0.8466, 0.8289, 0.655, 2.1291, 2.1162, 1.6961, 2.6951, 0.6631, 0.9689, 0.4118, 1.7034, 1.0197, 1.0336, 1.6125, 0.8183, 2.3041, 0.9744, 1.0164, 2.7327, 3.5298, 1.4426, 0.2624, 1.1028, 2.3561, 1.1352, 0.8702, 0.6958, 2.048, 1.5798, 0.9942, 1.4468, 0.4938, 0.41, 2.344, 0.4258, 0.6292, 1.24, 0.5474, 0.4699, 0.7861, 0.094, 1.845, 1.7115, 2.2104, 1.7933, 1.8551, 0.2624, 2.4061, 0.9839, 3.0333, 0.2894, 0.6305, 0.6513], [0.2165, 0.7424, 0.5061, 0.6677, 0.2531, 1.0691, 0.9496, 0.5779, 1.3798, 0.7069, 0.5652, 0.832, 0.1678, 0.552, 0.9824, 0.4762, 0.5813, 1.0929, 0.7011, 0.2241, 0.3776, 1.0449, 0.6322, 0.2306, 0.6647, 0.8375, 0.1556, 0.0952, 0.6461, 0.3879, 0.2843, 0.1993, 1.2112, 0.4206, 0.3604, 0.2887, 0.1608, 0.9568, 0.5411, 0.2419, 0.4987, 0.2386, 0.6646, 0.7514, 1.1509, 0.5341, 0.3134, 0.2833, 0.236, 0.7322, 0.778, 0.5171, 0.9488, 0.246, 0.348, 0.1483, 0.6313, 0.3554, 0.3742, 0.5683, 0.2993, 0.8361, 0.3502, 0.3566, 0.9626, 1.2076, 0.5069, 0.1068, 0.7015, 0.7275, 0.6819, 0.3049, 0.249, 0.7419, 0.5895, 0.4508, 0.5119, 0.1538, 0.1675, 0.736, 0.1464, 0.2277, 0.3376, 0.1896, 0.2047, 0.2844, 0.0409, 0.5712, 0.6166, 0.7701, 0.6469, 0.6608, 0.1068, 0.9023, 0.3676, 1.111, 0.1024, 0.3078, 0.5158], [0.5046, 2.5771, 1.7583, 2.3013, 0.7398, 3.754, 3.1189, 2.0092, 0.7069, 3.6866, 2.1613, 2.8126, 0.5192, 1.9299, 2.7567, 1.6362, 2.2827, 3.7573, 2.3897, 0.7741, 1.2581, 3.3039, 2.2455, 0.7956, 2.1697, 2.6656, 0.5101, 0.3272, 2.2198, 1.2757, 0.9492, 0.5735, 4.1722, 1.3263, 1.2544, 1.0449, 0.5969, 3.1054, 2.1351, 0.821, 1.6952, 0.8232, 2.317, 2.608, 3.8647, 1.5453, 1.0402, 0.9425, 0.8063, 2.523, 2.5503, 1.7531, 3.1528, 0.8178, 1.1923, 0.5166, 2.0562, 1.2172, 1.2615, 1.8934, 1.0259, 2.8666, 1.1887, 1.247, 3.3725, 4.1873, 1.7582, 0.3091, 1.388, 2.4684, 1.3529, 1.0506, 0.8558, 2.4707, 1.9333, 1.2086, 1.7762, 0.5282, 0.5331, 2.7826, 0.5046, 0.7629, 1.1669, 0.6529, 0.5743, 1.0084, 0.1149, 1.8752, 2.0998, 2.7184, 2.1675, 2.2804, 0.3091, 2.8838, 1.156, 4.0712, 0.3552, 0.8107, 0.7936], [0.3977, 1.9555, 1.3267, 1.7373, 0.5865, 2.79, 2.4107, 1.5122, 0.5652, 2.1613, 2.7124, 2.4025, 0.3968, 1.4734, 2.2011, 1.2365, 1.5813, 2.8209, 1.8161, 0.5834, 1.0122, 2.5203, 1.7364, 0.6178, 1.6719, 2.296, 0.3926, 0.2473, 1.7456, 0.97, 0.7764, 0.4516, 3.1566, 1.019, 0.9251, 1.0251, 0.6772, 2.4504, 1.4768, 0.6221, 1.2913, 0.6736, 1.7527, 1.946, 2.935, 1.1836, 0.7999, 0.7316, 0.621, 1.9301, 1.9628, 1.3259, 2.432, 0.6769, 0.902, 0.3965, 1.5647, 0.9114, 0.9567, 1.4416, 0.831, 2.1538, 0.9065, 0.9401, 2.5367, 3.1619, 1.3435, 0.2367, 1.1503, 1.8903, 1.0427, 0.8005, 0.6492, 1.9078, 1.4795, 0.9447, 1.3515, 0.4034, 0.4592, 2.0299, 0.386, 0.5816, 0.8858, 0.5091, 0.4586, 0.7401, 0.0917, 1.4292, 1.5863, 2.0303, 1.7159, 1.7228, 0.2367, 2.2466, 0.904, 3.0061, 0.2703, 0.6893, 0.6328], [0.592, 2.8664, 1.9689, 2.5499, 0.9231, 4.0177, 3.5793, 2.2648, 0.832, 2.8126, 2.4025, 4.456, 0.5843, 2.1408, 3.4772, 1.8053, 2.2354, 4.0716, 2.7018, 0.8574, 1.3877, 3.7066, 2.4294, 0.957, 2.5069, 2.9272, 0.5724, 0.3611, 2.8058, 1.4243, 1.3395, 0.6549, 4.6675, 1.5408, 1.3627, 1.151, 0.6655, 3.5247, 2.1093, 0.9165, 1.8707, 0.9249, 2.5753, 2.8505, 4.3489, 1.7593, 1.1834, 1.1382, 0.9566, 2.887, 2.8622, 1.9622, 3.5883, 0.9231, 1.3182, 0.5883, 2.3366, 1.3718, 1.3868, 2.1247, 1.4063, 3.1339, 1.3328, 1.3864, 3.7905, 4.6991, 1.9789, 0.3519, 1.6296, 2.7968, 1.5503, 1.1623, 0.9621, 2.8097, 2.2413, 1.4538, 1.9558, 0.6081, 0.5854, 3.1209, 0.5774, 0.8631, 1.3235, 0.8004, 0.7244, 1.0928, 0.1449, 2.1206, 2.3109, 2.984, 2.7279, 2.5359, 0.3519, 3.3416, 1.3247, 4.1949, 0.3912, 0.9114, 0.9802], [0.129, 0.5589, 0.3827, 0.5172, 0.159, 0.7824, 0.6873, 0.4364, 0.1678, 0.5192, 0.3968, 0.5843, 1.2277, 0.4043, 0.593, 0.3625, 0.4403, 0.7938, 0.5194, 0.1697, 0.2664, 0.7361, 0.4697, 0.1745, 0.5532, 0.5427, 0.1119, 0.0725, 0.477, 0.3473, 0.2009, 0.1948, 0.9088, 0.2846, 0.259, 0.2114, 0.1265, 0.6777, 0.4006, 0.1967, 0.3848, 0.2356, 0.5003, 0.5565, 0.8452, 0.6546, 0.2262, 0.2019, 0.1772, 0.5621, 0.5596, 0.3734, 0.6961, 0.1907, 0.3156, 0.1091, 0.4348, 0.3211, 0.2707, 0.414, 0.2169, 0.6235, 0.2723, 0.2838, 0.7211, 0.9171, 0.3955, 0.1309, 0.2942, 0.5677, 0.3669, 0.484, 0.1984, 0.547, 0.4201, 0.276, 0.3803, 0.119, 0.1085, 0.5556, 0.1124, 0.166, 0.2575, 0.141, 0.1235, 0.2064, 0.0247, 0.4279, 0.4546, 0.6409, 0.4813, 0.499, 0.1309, 0.6308, 0.272, 0.8025, 0.0761, 0.1674, 0.178], [0.3991, 1.9628, 1.329, 1.773, 0.5703, 2.9598, 2.481, 1.5114, 0.552, 1.9299, 1.4734, 2.1408, 0.4043, 2.7367, 2.1276, 1.5649, 1.5695, 2.9502, 1.8157, 0.6023, 1.244, 2.5845, 1.7384, 0.6065, 1.8149, 2.1097, 0.3978, 0.313, 1.694, 1.0092, 0.7228, 0.4495, 3.1835, 1.0229, 0.9267, 0.767, 0.4197, 2.438, 1.4335, 0.6398, 1.3737, 0.6252, 1.8075, 1.9689, 2.9688, 1.2249, 0.8088, 0.7239, 0.677, 1.9232, 1.989, 1.3553, 2.4435, 0.6233, 0.9234, 0.6581, 1.5911, 0.898, 0.9879, 1.4634, 0.7897, 2.2398, 0.9125, 0.9397, 2.5217, 3.1528, 1.3383, 0.245, 1.0857, 1.9096, 1.0587, 0.7968, 0.6679, 1.9, 1.4732, 0.9319, 1.3775, 0.4169, 0.4219, 1.9266, 0.3846, 0.5859, 0.8908, 0.5538, 0.4432, 0.7472, 0.0886, 1.4749, 1.6371, 2.031, 1.9701, 1.7391, 0.245, 2.2362, 0.9304, 3.2465, 0.2755, 0.6391, 0.6157], [0.6678, 2.8871, 1.9736, 2.5939, 1.1907, 4.1986, 3.6345, 2.2557, 0.9824, 2.7567, 2.2011, 3.4772, 0.593, 2.1276, 4.7839, 1.8396, 2.2832, 4.2141, 2.7415, 0.8813, 1.4163, 3.8143, 2.449, 0.9146, 2.5037, 3.0276, 0.5946, 0.3679, 2.5925, 1.4441, 1.1564, 0.6801, 4.7075, 1.8475, 1.455, 1.1191, 0.6252, 3.6891, 2.1227, 0.9278, 1.9264, 0.9247, 2.5788, 2.9315, 4.4193, 1.7876, 1.2605, 1.1697, 0.9333, 2.8786, 2.9729, 2.0654, 3.7144, 0.9453, 1.3644, 0.5763, 2.6873, 1.3348, 1.4374, 2.2442, 1.2112, 3.2965, 1.3732, 1.392, 3.7684, 4.7043, 1.9805, 0.3575, 1.9582, 2.8206, 1.6671, 1.1776, 0.9745, 2.9271, 2.3047, 1.7511, 1.9878, 0.601, 0.6055, 2.9057, 0.5757, 0.9336, 1.3233, 0.754, 0.9966, 1.157, 0.1993, 2.1636, 2.4019, 3.0059, 2.5353, 2.5748, 0.3575, 3.7238, 1.3721, 4.2704, 0.3976, 0.9972, 1.2868], [0.3564, 1.6897, 1.146, 1.5377, 0.4932, 2.7644, 2.1206, 1.331, 0.4762, 1.6362, 1.2365, 1.8053, 0.3625, 1.5649, 1.8396, 2.3131, 1.398, 2.5803, 1.5679, 0.5141, 0.8919, 2.2528, 1.4669, 0.5195, 1.7737, 1.7349, 0.3469, 0.4626, 1.4453, 0.8701, 0.6164, 0.4019, 2.7424, 0.8926, 0.8202, 0.6486, 0.3576, 2.0983, 1.233, 0.5521, 1.1597, 0.5517, 1.5251, 1.7157, 2.5689, 1.1138, 0.6924, 0.6263, 0.5553, 1.6613, 1.7345, 1.1928, 2.1189, 0.5394, 0.8097, 0.4009, 1.4266, 0.785, 0.863, 1.2895, 0.6661, 1.9845, 0.7917, 0.8135, 2.1742, 2.7364, 1.1524, 0.2228, 0.9162, 1.7023, 0.9304, 0.6986, 0.5735, 1.6464, 1.2765, 0.8093, 1.1893, 0.3527, 0.347, 1.6588, 0.3323, 0.5158, 0.7718, 0.4398, 0.3832, 0.639, 0.0766, 1.3294, 1.4652, 1.7691, 1.5639, 1.5026, 0.2228, 1.937, 0.8457, 2.6545, 0.2379, 0.5302, 0.5344], [0.4164, 2.1296, 1.4613, 1.9773, 0.6132, 3.3443, 2.5783, 1.6312, 0.5813, 2.2827, 1.5813, 2.2354, 0.4403, 1.5695, 2.2832, 1.398, 2.8784, 3.1582, 1.9871, 0.6397, 1.0232, 2.751, 1.828, 0.6589, 1.7965, 2.1196, 0.4265, 0.2796, 1.8248, 1.0566, 0.7772, 0.4722, 3.4602, 1.1041, 1.2668, 0.8159, 0.453, 2.5559, 1.5969, 0.695, 1.4269, 0.6837, 1.8868, 2.1422, 3.211, 1.2743, 0.8551, 0.7827, 0.6555, 2.1491, 2.1324, 1.4754, 2.6067, 0.6705, 1.0139, 0.4214, 1.8049, 0.9726, 1.0581, 1.5777, 0.8244, 2.4379, 0.9931, 1.0859, 2.7606, 3.4726, 1.4699, 0.2549, 1.1267, 2.0381, 1.1236, 0.9272, 0.7113, 2.0641, 1.6507, 1.0115, 1.4865, 0.4409, 0.4239, 2.1189, 0.4298, 0.655, 0.9722, 0.5374, 0.4757, 0.7992, 0.0951, 1.5513, 1.8063, 2.4981, 1.767, 1.8873, 0.2549, 2.3885, 0.9538, 3.2378, 0.2973, 0.6493, 0.6562], [0.775, 3.9079, 2.6453, 3.5356, 1.1415, 6.0922, 4.8599, 3.0519, 1.0929, 3.7573, 2.8209, 4.0716, 0.7938, 2.9502, 4.2141, 2.5803, 3.1582, 7.1515, 3.6247, 1.1874, 1.918, 5.4357, 3.4583, 1.2022, 3.3428, 3.9611, 0.8181, 0.5161, 3.3323, 1.9655, 1.4038, 0.8771, 6.339, 2.094, 1.8758, 1.5042, 0.8102, 4.7894, 2.8486, 1.2617, 2.6787, 1.23, 3.5183, 4.0071, 5.9694, 2.3689, 1.5911, 1.4936, 1.2159, 3.8992, 4.0904, 2.9941, 4.8169, 1.2418, 1.9107, 0.7871, 3.2733, 1.7657, 2.2484, 2.9465, 1.518, 4.7868, 1.8445, 1.878, 5.0096, 6.2581, 2.6788, 0.4738, 2.0959, 3.7399, 2.152, 1.6001, 1.3221, 3.8275, 2.9473, 1.8627, 3.0227, 0.8072, 0.7922, 3.7809, 0.7798, 1.1904, 1.7892, 0.9853, 0.8779, 1.4692, 0.1756, 2.9554, 3.3329, 4.0658, 3.2881, 3.4841, 0.4738, 4.4371, 1.7814, 6.1778, 0.6045, 1.2114, 1.2164], [0.507, 2.7322, 1.9585, 2.4199, 0.7385, 3.5559, 3.1917, 1.9514, 0.7011, 2.3897, 1.8161, 2.7018, 0.5194, 1.8157, 2.7415, 1.5679, 1.9871, 3.6247, 3.7196, 0.7676, 1.2, 3.363, 2.1817, 0.815, 2.1543, 2.4876, 0.5289, 0.3136, 2.3101, 1.2872, 0.994, 0.585, 4.706, 1.3031, 1.2514, 0.9751, 0.5263, 3.1389, 1.9599, 0.8492, 1.6966, 0.8152, 2.3504, 2.6496, 4.0992, 1.54, 1.0671, 0.9509, 0.7983, 2.6195, 2.6446, 1.7057, 3.2252, 0.8779, 1.2116, 0.497, 2.0016, 1.1618, 1.2538, 1.9245, 1.0104, 2.8083, 1.2994, 1.2924, 3.7943, 4.3173, 1.7647, 0.308, 1.3391, 2.4927, 1.3763, 1.057, 0.8932, 2.8292, 2.2683, 1.2772, 1.7554, 0.5388, 0.4975, 2.5044, 0.5239, 0.7533, 1.1754, 0.6692, 0.5712, 0.9658, 0.1142, 1.8786, 2.109, 2.7386, 2.1324, 2.4561, 0.308, 2.9853, 1.16, 3.6812, 0.3511, 0.7653, 0.7899], [0.1614, 0.8192, 0.5644, 0.8056, 0.237, 1.1689, 0.9931, 0.6807, 0.2241, 0.7741, 0.5834, 0.8574, 0.1697, 0.6023, 0.8813, 0.5141, 0.6397, 1.1874, 0.7676, 1.4064, 0.447, 1.0551, 0.692, 0.2569, 0.6964, 0.81, 0.1635, 0.1028, 0.7169, 0.473, 0.2939, 0.1857, 1.3469, 0.4869, 0.3799, 0.307, 0.1688, 0.9827, 0.6525, 0.3022, 0.8228, 0.2603, 0.7325, 0.8434, 1.234, 0.5076, 0.331, 0.3035, 0.3106, 0.87, 0.8176, 0.5638, 1.002, 0.2596, 0.4003, 0.165, 0.6474, 0.3753, 0.401, 0.6111, 0.318, 0.9819, 0.3886, 0.4015, 1.0735, 1.3195, 0.5678, 0.1015, 0.4328, 0.7918, 0.4345, 0.3412, 0.2897, 0.8052, 0.6122, 0.3856, 0.5728, 0.2326, 0.162, 0.8014, 0.174, 0.243, 0.638, 0.2229, 0.1836, 0.5713, 0.0367, 0.6087, 0.6806, 0.8755, 0.692, 0.7376, 0.1015, 0.9227, 0.3681, 1.1934, 0.1146, 0.2486, 0.2534], [0.2635, 1.2918, 0.8784, 1.2246, 0.3779, 1.904, 1.6149, 0.9877, 0.3776, 1.2581, 1.0122, 1.3877, 0.2664, 1.244, 1.4163, 0.8919, 1.0232, 1.918, 1.2, 0.447, 1.8008, 1.692, 1.1253, 0.3962, 1.1331, 1.6201, 0.264, 0.1784, 1.1052, 0.7142, 0.4715, 0.296, 2.109, 0.686, 0.6063, 0.5101, 0.2847, 1.6539, 0.9452, 0.4429, 1.1402, 0.4116, 1.1847, 1.3058, 1.9532, 0.8033, 0.5348, 0.4733, 0.4193, 1.2669, 1.3199, 0.8835, 1.6155, 0.413, 0.617, 0.3167, 1.0386, 0.5877, 0.6476, 0.9668, 0.5145, 1.5142, 0.6051, 0.6204, 1.6625, 2.0749, 0.8759, 0.1607, 0.7788, 1.2446, 0.6979, 0.5285, 0.4372, 1.2588, 0.9695, 0.6168, 0.898, 0.2756, 0.324, 1.2592, 0.2534, 0.3829, 0.5954, 0.3395, 0.2951, 0.4995, 0.059, 0.9559, 1.083, 1.3477, 1.1598, 1.1498, 0.1607, 1.4892, 0.6101, 2.0508, 0.1796, 0.4798, 0.4115], [0.7226, 3.5798, 2.4377, 3.2085, 1.0232, 5.0967, 4.7935, 2.7922, 1.0449, 3.3039, 2.5203, 3.7066, 0.7361, 2.5845, 3.8143, 2.2528, 2.751, 5.4357, 3.363, 1.0551, 1.692, 6.0261, 2.9993, 1.0802, 3.1323, 3.5282, 0.791, 0.4506, 3.0165, 1.7722, 1.2966, 0.82, 5.8671, 1.8276, 1.6691, 1.3321, 0.7306, 4.5276, 2.581, 1.1418, 2.3471, 1.1328, 3.1355, 3.6654, 5.7926, 2.2366, 1.4531, 1.3019, 1.1157, 3.4862, 3.9552, 2.4696, 4.5549, 1.1407, 1.6662, 0.6945, 2.818, 1.6143, 1.8782, 2.7472, 1.3684, 4.0077, 1.6832, 1.7014, 4.6199, 5.8344, 2.3844, 0.4473, 1.8944, 3.4893, 2.2137, 1.4441, 1.196, 3.5516, 2.7764, 1.7609, 2.4836, 0.7284, 0.7056, 3.4503, 0.6972, 1.0405, 1.6124, 0.8879, 0.7946, 1.3159, 0.1589, 2.9396, 3.0015, 3.6851, 3.0665, 3.1983, 0.4473, 4.1298, 1.6765, 5.2168, 0.4967, 1.0845, 1.1163], [0.4553, 2.6061, 1.6167, 2.0975, 0.6606, 3.3567, 2.813, 1.7639, 0.6322, 2.2455, 1.7364, 2.4294, 0.4697, 1.7384, 2.449, 1.4669, 1.828, 3.4583, 2.1817, 0.692, 1.1253, 2.9993, 3.2557, 0.786, 1.9459, 2.3561, 0.4637, 0.2934, 2.0243, 1.159, 0.8331, 0.53, 3.8569, 1.1781, 1.0817, 1.1573, 0.4935, 2.7941, 1.6908, 0.7479, 1.5321, 0.7309, 2.1146, 2.323, 3.5023, 1.4005, 0.9435, 0.8538, 0.7139, 2.4268, 2.3184, 1.5841, 2.8412, 0.7945, 1.0844, 0.4666, 1.8443, 1.1147, 1.1553, 1.7004, 0.9088, 2.5865, 1.1008, 1.1957, 3.0308, 3.7834, 1.9058, 0.2801, 1.2309, 2.2131, 1.2227, 0.9482, 0.7866, 2.285, 1.7361, 1.0816, 1.9043, 0.4832, 0.4712, 2.2674, 0.4854, 0.75, 1.0732, 0.5948, 0.5102, 0.855, 0.102, 1.6819, 1.8946, 2.4559, 1.9281, 2.1347, 0.2801, 2.6026, 1.0391, 3.7051, 0.3809, 0.7174, 0.7073], [0.1666, 0.8675, 0.6126, 0.7679, 0.2577, 1.1764, 1.0236, 0.6548, 0.2306, 0.7956, 0.6178, 0.957, 0.1745, 0.6065, 0.9146, 0.5195, 0.6589, 1.2022, 0.815, 0.2569, 0.3962, 1.0802, 0.786, 1.3821, 0.7109, 0.8231, 0.1682, 0.1039, 1.0309, 0.4189, 0.3196, 0.1927, 1.4036, 0.4294, 0.3951, 0.3361, 0.1772, 1.0119, 0.6248, 0.2764, 0.5515, 0.2684, 0.7461, 0.8388, 1.2753, 0.5202, 0.3403, 0.374, 0.2617, 0.9857, 0.8409, 0.5814, 1.0385, 0.2768, 0.3906, 0.1774, 0.6757, 0.4499, 0.4086, 0.6175, 0.3406, 0.9178, 0.4008, 0.484, 1.1752, 1.3891, 0.8798, 0.104, 0.4444, 0.8124, 0.4463, 0.3522, 0.2822, 0.8549, 0.6411, 0.4004, 0.6196, 0.1951, 0.1646, 0.8493, 0.1971, 0.3111, 0.4185, 0.2807, 0.1905, 0.3146, 0.0381, 0.6127, 0.6805, 0.9276, 0.7119, 0.7586, 0.104, 0.9556, 0.3779, 1.2272, 0.1239, 0.2535, 0.2624], [0.5475, 2.32, 1.573, 2.0761, 0.6705, 3.3227, 2.992, 1.9243, 0.6647, 2.1697, 1.6719, 2.5069, 0.5532, 1.8149, 2.5037, 1.7737, 1.7965, 3.3428, 2.1543, 0.6964, 1.1331, 3.1323, 1.9459, 0.7109, 3.376, 2.3121, 0.4754, 0.3547, 1.9841, 1.2275, 0.852, 0.6187, 3.7565, 1.1865, 1.0768, 0.8739, 0.4969, 2.954, 1.673, 0.7576, 1.5386, 0.8126, 2.0469, 2.3291, 3.5613, 1.7943, 0.9488, 0.849, 0.7899, 2.267, 2.3772, 1.5902, 3.0163, 0.7516, 1.0791, 0.481, 1.8349, 1.1362, 1.144, 1.7974, 0.9108, 2.5598, 1.0797, 1.1113, 2.9969, 3.8437, 1.5705, 0.3589, 1.2381, 2.5946, 1.3422, 0.9716, 0.7846, 2.2654, 1.7528, 1.1198, 1.5741, 0.4844, 0.4624, 2.3162, 0.4534, 0.6811, 1.0744, 0.5899, 0.5216, 0.8692, 0.1043, 2.046, 1.9147, 2.4133, 2.296, 2.054, 0.3589, 2.6971, 1.3755, 3.391, 0.3148, 0.7101, 0.7432], [0.5603, 2.676, 1.8118, 2.4056, 0.8028, 3.9058, 3.3952, 2.0498, 0.8375, 2.6656, 2.296, 2.9272, 0.5427, 2.1097, 3.0276, 1.7349, 2.1196, 3.9611, 2.4876, 0.81, 1.6201, 3.5282, 2.3561, 0.8231, 2.3121, 4.1508, 0.5579, 0.347, 2.2966, 1.3547, 0.9892, 0.6123, 4.3376, 1.4079, 1.2606, 1.1047, 0.6315, 3.6482, 1.9584, 0.862, 1.8397, 0.8618, 2.4415, 2.6803, 4.0559, 1.63, 1.1234, 0.9863, 0.8425, 2.6229, 2.7893, 1.8324, 3.4264, 0.8713, 1.2467, 0.5581, 2.1646, 1.217, 1.3501, 2.0117, 1.0737, 3.0083, 1.2507, 1.2794, 3.4422, 4.3192, 1.819, 0.326, 1.8429, 2.5939, 1.4594, 1.0834, 0.8913, 2.6394, 2.0189, 1.3012, 1.8625, 0.5499, 0.8302, 2.6358, 0.5246, 0.7967, 1.2065, 0.6809, 0.6307, 1.0038, 0.1261, 1.9804, 2.2225, 2.766, 2.3174, 2.3672, 0.326, 3.1753, 1.3041, 4.3181, 0.3725, 1.1988, 0.8851], [0.1136, 0.5507, 0.3759, 0.5061, 0.1591, 0.7919, 0.7152, 0.4232, 0.1556, 0.5101, 0.3926, 0.5724, 0.1119, 0.3978, 0.5946, 0.3469, 0.4265, 0.8181, 0.5289, 0.1635, 0.264, 0.791, 0.4637, 0.1682, 0.4754, 0.5579, 1.1663, 0.0694, 0.4692, 0.2725, 0.1987, 0.1277, 0.9019, 0.2825, 0.2567, 0.209, 0.1134, 0.75, 0.397, 0.1784, 0.3642, 0.1747, 0.484, 0.5589, 0.8565, 0.3357, 0.2299, 0.2008, 0.1708, 0.5532, 0.8315, 0.3756, 0.7122, 0.1889, 0.2591, 0.1072, 0.4361, 0.2474, 0.3299, 0.4322, 0.2113, 0.6149, 0.2722, 0.2642, 0.7135, 0.8944, 0.3717, 0.0671, 0.2957, 0.536, 0.3095, 0.2239, 0.1847, 0.608, 0.4212, 0.265, 0.3823, 0.1134, 0.1116, 0.5295, 0.1106, 0.1615, 0.2507, 0.138, 0.1239, 0.2028, 0.0248, 0.4244, 0.5123, 0.5737, 0.4663, 0.4937, 0.0671, 0.6654, 0.2678, 0.8047, 0.0765, 0.1707, 0.1728], [0.0713, 0.3379, 0.2292, 0.3075, 0.0986, 0.5529, 0.4241, 0.2662, 0.0952, 0.3272, 0.2473, 0.3611, 0.0725, 0.313, 0.3679, 0.4626, 0.2796, 0.5161, 0.3136, 0.1028, 0.1784, 0.4506, 0.2934, 0.1039, 0.3547, 0.347, 0.0694, 1.0925, 0.2891, 0.174, 0.1233, 0.0804, 0.5485, 0.1785, 0.164, 0.1297, 0.0715, 0.4197, 0.2466, 0.1104, 0.2319, 0.1103, 0.305, 0.3431, 0.5138, 0.2228, 0.1385, 0.1253, 0.1111, 0.3323, 0.3469, 0.2386, 0.4238, 0.1079, 0.1619, 0.0802, 0.2853, 0.157, 0.1726, 0.2579, 0.1332, 0.3969, 0.1583, 0.1627, 0.4348, 0.5473, 0.2305, 0.0446, 0.1832, 0.3405, 0.1861, 0.1397, 0.1147, 0.3293, 0.2553, 0.1619, 0.2379, 0.0705, 0.0694, 0.3318, 0.0665, 0.1032, 0.1544, 0.088, 0.0766, 0.1278, 0.0153, 0.2659, 0.293, 0.3538, 0.3128, 0.3005, 0.0446, 0.3874, 0.1691, 0.5309, 0.0476, 0.106, 0.1069], [0.4651, 2.3994, 1.7128, 2.1404, 0.7499, 3.2592, 2.8718, 1.8316, 0.6461, 2.2198, 1.7456, 2.8058, 0.477, 1.694, 2.5925, 1.4453, 1.8248, 3.3323, 2.3101, 0.7169, 1.1052, 3.0165, 2.0243, 1.0309, 1.9841, 2.2966, 0.4692, 0.2891, 3.3982, 1.1616, 0.9228, 0.5283, 3.9517, 1.2068, 1.099, 0.9066, 0.4989, 2.8324, 1.7735, 0.7736, 1.5357, 0.7492, 2.0854, 2.3515, 3.5796, 1.4131, 0.953, 1.1569, 0.7392, 2.6918, 2.3461, 1.6366, 2.9116, 0.7634, 1.0868, 0.5181, 1.8622, 1.1085, 1.1357, 1.7276, 0.9782, 2.5545, 1.1181, 1.2031, 3.409, 3.8987, 1.7565, 0.2826, 1.2488, 2.275, 1.2408, 0.9718, 0.7896, 2.3819, 1.808, 1.1282, 1.6768, 0.5663, 0.4593, 2.3729, 0.5384, 0.7237, 1.1613, 0.8965, 0.5401, 0.8873, 0.108, 1.712, 1.8946, 2.5461, 2.019, 2.1221, 0.2826, 2.6798, 1.0563, 3.3823, 0.3354, 0.7091, 0.7407], [0.2868, 1.3792, 0.9506, 1.3631, 0.3873, 1.9401, 1.6606, 1.0396, 0.3879, 1.2757, 0.97, 1.4243, 0.3473, 1.0092, 1.4441, 0.8701, 1.0566, 1.9655, 1.2872, 0.473, 0.7142, 1.7722, 1.159, 0.4189, 1.2275, 1.3547, 0.2725, 0.174, 1.1616, 1.9172, 0.4899, 0.3786, 2.31, 0.7063, 0.6294, 0.5144, 0.2807, 1.6438, 0.9894, 0.7248, 1.2072, 0.4334, 1.4911, 1.374, 2.0672, 1.1629, 0.6062, 0.4923, 0.426, 1.3381, 1.3624, 0.9125, 1.6702, 0.443, 0.6489, 0.273, 1.0651, 0.6838, 0.6656, 1.0119, 0.5831, 1.5684, 0.6409, 0.6642, 1.7785, 2.1939, 0.9327, 0.2326, 0.7203, 1.3129, 0.7952, 0.5735, 0.4616, 1.3223, 1.0253, 0.6529, 0.9297, 0.3439, 0.2709, 1.3235, 0.2676, 0.3996, 0.6389, 0.3557, 0.3009, 0.519, 0.0602, 1.0102, 1.1355, 1.4379, 1.1495, 1.2331, 0.2326, 1.5397, 0.6316, 2.039, 0.1859, 0.415, 0.4238], [0.2012, 1.0, 0.6899, 0.8885, 0.3074, 1.3838, 1.242, 0.7689, 0.2843, 0.9492, 0.7764, 1.3395, 0.2009, 0.7228, 1.1564, 0.6164, 0.7772, 1.4038, 0.994, 0.2939, 0.4715, 1.2966, 0.8331, 0.3196, 0.852, 0.9892, 0.1987, 0.1233, 0.9228, 0.4899, 1.4718, 0.2245, 1.6472, 0.5224, 0.5205, 0.3855, 0.2185, 1.2125, 0.7292, 0.317, 0.6453, 0.3162, 0.8842, 1.0007, 1.5673, 0.6032, 0.406, 0.3804, 0.3203, 0.9862, 0.9936, 0.6718, 1.2384, 0.3181, 0.4564, 0.1976, 0.8057, 0.4617, 0.4795, 0.7355, 0.4447, 1.0825, 0.4653, 0.4796, 1.3227, 1.6304, 0.6753, 0.1206, 0.5474, 0.9612, 0.5457, 0.4012, 0.3332, 0.9806, 1.0196, 0.5443, 0.6715, 0.2067, 0.1978, 1.0299, 0.1972, 0.2962, 0.4512, 0.2654, 0.2409, 0.3732, 0.0482, 0.7306, 0.8003, 1.0326, 0.8953, 0.8893, 0.1206, 1.1459, 0.4531, 1.4332, 0.1343, 0.3073, 0.3284], [0.3833, 0.6146, 0.4186, 0.5552, 0.1809, 0.8611, 0.7678, 0.4796, 0.1993, 0.5735, 0.4516, 0.6549, 0.1948, 0.4495, 0.6801, 0.4019, 0.4722, 0.8771, 0.585, 0.1857, 0.296, 0.82, 0.53, 0.1927, 0.6187, 0.6123, 0.1277, 0.0804, 0.5283, 0.3786, 0.2245, 1.3087, 1.0, 0.3165, 0.2849, 0.2867, 0.1308, 0.7741, 0.4413, 0.2128, 0.418, 0.2022, 0.5533, 0.6115, 0.9327, 0.7086, 0.2551, 0.2245, 0.1941, 0.6195, 0.6383, 0.4132, 0.775, 0.4517, 0.2892, 0.1211, 0.4847, 0.351, 0.3031, 0.4626, 0.2416, 0.6747, 0.2998, 0.2991, 0.794, 0.9967, 0.4353, 0.1417, 0.3363, 0.6144, 0.4078, 0.2656, 0.2059, 0.6633, 0.4676, 0.3111, 0.4222, 0.1304, 0.1225, 0.6111, 0.1239, 0.184, 0.283, 0.156, 0.1417, 0.2275, 0.0283, 0.4762, 0.5035, 0.6417, 0.537, 0.5464, 0.1417, 0.7221, 0.3552, 0.8914, 0.0844, 0.1897, 0.2526], [0.8739, 4.9933, 3.5527, 4.4208, 1.269, 6.2236, 5.5732, 3.3963, 1.2112, 4.1722, 3.1566, 4.6675, 0.9088, 3.1835, 4.7075, 2.7424, 3.4602, 6.339, 4.706, 1.3469, 2.109, 5.8671, 3.8569, 1.4036, 3.7565, 4.3376, 0.9019, 0.5485, 3.9517, 2.31, 1.6472, 1.0, 9.0368, 2.2644, 2.0977, 1.6896, 0.916, 5.4237, 3.3971, 1.5348, 3.0239, 1.4232, 4.3001, 4.6901, 7.2596, 2.6913, 1.8777, 1.6375, 1.401, 4.4563, 4.5094, 2.9666, 5.5991, 1.4346, 2.1231, 0.8672, 3.4601, 2.0245, 2.1697, 3.3507, 1.7935, 4.9328, 2.2234, 2.2853, 6.4414, 7.5626, 3.0664, 0.5383, 2.3175, 4.3475, 2.3802, 1.8525, 1.6068, 4.4836, 3.5684, 2.1312, 3.0525, 0.9431, 0.8675, 4.3646, 0.8913, 1.3053, 2.0285, 1.1524, 0.9807, 1.6819, 0.1961, 3.2741, 3.7009, 4.8076, 3.7163, 4.5101, 0.5383, 5.0885, 2.0108, 6.4826, 0.6105, 1.331, 1.3585], [0.2935, 1.3875, 0.9477, 1.2646, 0.476, 2.0751, 1.7171, 1.0692, 0.4206, 1.3263, 1.019, 1.5408, 0.2846, 1.0229, 1.8475, 0.8926, 1.1041, 2.094, 1.3031, 0.4869, 0.686, 1.8276, 1.1781, 0.4294, 1.1865, 1.4079, 0.2825, 0.1785, 1.2068, 0.7063, 0.5224, 0.3165, 2.2644, 1.8984, 0.6753, 0.5281, 0.2919, 1.7143, 1.0803, 0.4522, 0.9992, 0.4405, 1.2346, 1.4751, 2.1185, 0.8455, 0.5794, 0.5324, 0.4959, 1.3693, 1.4123, 0.9793, 1.7328, 0.4433, 0.7188, 0.2755, 1.2011, 0.6292, 0.7013, 1.0662, 0.5551, 1.8521, 0.6698, 0.6663, 1.8078, 2.2368, 0.9401, 0.1691, 0.8245, 1.3332, 0.7661, 0.5775, 0.4946, 1.3721, 1.0712, 0.737, 0.967, 0.2899, 0.2816, 1.3605, 0.2739, 0.4282, 0.6431, 0.3545, 0.3849, 0.7923, 0.077, 1.0299, 1.1636, 1.4437, 1.1927, 1.2583, 0.1691, 1.6624, 0.6389, 2.0678, 0.1934, 0.4465, 0.5123], [0.2548, 1.278, 0.8786, 1.1604, 0.3876, 1.9334, 1.5677, 0.9829, 0.3604, 1.2544, 0.9251, 1.3627, 0.259, 0.9267, 1.455, 0.8202, 1.2668, 1.8758, 1.2514, 0.3799, 0.6063, 1.6691, 1.0817, 0.3951, 1.0768, 1.2606, 0.2567, 0.164, 1.099, 0.6294, 0.5205, 0.2849, 2.0977, 0.6753, 1.762, 0.4821, 0.2657, 1.5436, 0.9382, 0.4104, 0.844, 0.4033, 1.1268, 1.2917, 1.9877, 0.766, 0.517, 0.4831, 0.3939, 1.2644, 1.2837, 0.929, 1.5727, 0.4038, 0.5995, 0.2498, 1.3031, 0.5786, 0.6319, 0.9502, 0.4979, 1.4439, 0.5979, 0.6279, 1.6675, 2.0724, 0.8767, 0.1532, 0.6934, 1.2216, 0.6947, 0.5292, 0.4263, 1.2519, 1.2399, 0.6779, 0.8795, 0.2621, 0.2521, 1.2502, 0.2529, 0.436, 0.5778, 0.3222, 0.3031, 0.4774, 0.0606, 0.9358, 1.0656, 1.3842, 1.0656, 1.1383, 0.1532, 1.4581, 0.575, 1.8919, 0.1759, 0.3908, 0.4141], [0.2166, 1.0895, 0.7089, 0.9239, 0.3, 1.4722, 1.2598, 0.7878, 0.2887, 1.0449, 1.0251, 1.151, 0.2114, 0.767, 1.1191, 0.6486, 0.8159, 1.5042, 0.9751, 0.307, 0.5101, 1.3321, 1.1573, 0.3361, 0.8739, 1.1047, 0.209, 0.1297, 0.9066, 0.5144, 0.3855, 0.2867, 1.6896, 0.5281, 0.4821, 1.5528, 0.2723, 1.2674, 0.7596, 0.3304, 0.6787, 0.3365, 0.9274, 1.0278, 1.5514, 0.6354, 0.4219, 0.381, 0.3207, 1.0576, 1.0452, 0.6982, 1.2737, 0.5814, 0.4803, 0.2065, 0.818, 0.4876, 0.5099, 0.7602, 0.4157, 1.1383, 0.4955, 0.5127, 1.3421, 1.6708, 0.7739, 0.1271, 0.5694, 0.9886, 0.549, 0.4218, 0.3462, 1.0673, 0.7766, 0.4889, 0.7748, 0.2138, 0.2209, 1.0284, 0.2115, 0.3184, 0.4733, 0.2654, 0.2331, 0.3831, 0.0466, 0.7508, 0.8403, 1.0806, 0.8745, 0.9297, 0.1271, 1.1819, 0.4716, 1.5955, 0.155, 0.3348, 0.3249], [0.1149, 0.5687, 0.3855, 0.506, 0.167, 0.8001, 0.7005, 0.4495, 0.1608, 0.5969, 0.6772, 0.6655, 0.1265, 0.4197, 0.6252, 0.3576, 0.453, 0.8102, 0.5263, 0.1688, 0.2847, 0.7306, 0.4935, 0.1772, 0.4969, 0.6315, 0.1134, 0.0715, 0.4989, 0.2807, 0.2185, 0.1308, 0.916, 0.2919, 0.2657, 0.2723, 1.2198, 0.7064, 0.4218, 0.1808, 0.3724, 0.4217, 0.5023, 0.5634, 0.8541, 0.3479, 0.2305, 0.2099, 0.179, 0.5599, 0.5672, 0.3836, 0.7189, 0.191, 0.2724, 0.1131, 0.4483, 0.2634, 0.2755, 0.4182, 0.2336, 0.6221, 0.265, 0.275, 0.7363, 0.9332, 0.3872, 0.0696, 0.3216, 0.604, 0.302, 0.2846, 0.1904, 0.5519, 0.4271, 0.2709, 0.3882, 0.1171, 0.1263, 0.5817, 0.112, 0.1671, 0.2591, 0.1458, 0.1302, 0.2123, 0.026, 0.419, 0.4583, 0.6023, 0.4923, 0.5007, 0.0696, 0.6502, 0.2636, 0.8508, 0.0776, 0.1906, 0.1802], [0.7397, 3.3369, 2.265, 2.9839, 0.9799, 4.68, 4.5608, 2.5724, 0.9568, 3.1054, 2.4504, 3.5247, 0.6777, 2.438, 3.6891, 2.0983, 2.5559, 4.7894, 3.1389, 0.9827, 1.6539, 4.5276, 2.7941, 1.0119, 2.954, 3.6482, 0.75, 0.4197, 2.8324, 1.6438, 1.2125, 0.7741, 5.4237, 1.7143, 1.5436, 1.2674, 0.7064, 5.5435, 2.4012, 1.0614, 2.1835, 1.0815, 2.9356, 3.358, 5.1824, 2.0387, 1.4403, 1.2103, 1.049, 3.269, 3.75, 2.2393, 4.6451, 1.0923, 1.5395, 0.6542, 2.6244, 1.5015, 1.7079, 2.5907, 1.2921, 3.6529, 1.5844, 1.5885, 4.3131, 5.5042, 2.227, 0.4077, 1.8799, 3.3514, 1.8268, 1.3498, 1.1102, 3.4201, 2.5376, 1.6107, 2.2609, 0.679, 0.7296, 3.2416, 0.6538, 0.9703, 1.5006, 0.8331, 0.7686, 1.2294, 0.1537, 2.529, 2.8009, 3.4502, 2.9053, 2.9626, 0.4077, 4.2657, 1.8474, 4.8781, 0.4522, 1.1056, 1.0771], [0.3889, 2.0566, 1.4588, 1.821, 0.5717, 2.8119, 2.4463, 1.5256, 0.5411, 2.1351, 1.4768, 2.1093, 0.4006, 1.4335, 2.1227, 1.233, 1.5969, 2.8486, 1.9599, 0.6525, 0.9452, 2.581, 1.6908, 0.6248, 1.673, 1.9584, 0.397, 0.2466, 1.7735, 0.9894, 0.7292, 0.4413, 3.3971, 1.0803, 0.9382, 0.7596, 0.4218, 2.4012, 2.6715, 0.645, 1.3341, 0.6321, 1.7807, 2.291, 3.1133, 1.1874, 0.8072, 0.7357, 0.677, 1.967, 1.9851, 1.3335, 2.4681, 0.6303, 0.947, 0.3898, 1.5576, 0.9073, 0.9668, 1.5274, 0.778, 2.2626, 0.9556, 0.9818, 2.9151, 3.3147, 1.3507, 0.2375, 1.0445, 1.9227, 1.0503, 0.8158, 0.7008, 1.9507, 1.5365, 0.9419, 1.3555, 0.4145, 0.3917, 1.9984, 0.3934, 0.5817, 0.9119, 0.5156, 0.4422, 1.0162, 0.0884, 1.4614, 1.6291, 2.0995, 1.6678, 1.8802, 0.2375, 2.2555, 0.8926, 2.9318, 0.2711, 0.6006, 0.6105], [0.1762, 0.9074, 0.6312, 1.094, 0.2502, 1.2528, 1.0743, 0.6818, 0.2419, 0.821, 0.6221, 0.9165, 0.1967, 0.6398, 0.9278, 0.5521, 0.695, 1.2617, 0.8492, 0.3022, 0.4429, 1.1418, 0.7479, 0.2764, 0.7576, 0.862, 0.1784, 0.1104, 0.7736, 0.7248, 0.317, 0.2128, 1.5348, 0.4522, 0.4104, 0.3304, 0.1808, 1.0614, 0.645, 1.4516, 0.7125, 0.2816, 0.8543, 0.8939, 1.3513, 0.6058, 0.3698, 0.3229, 0.2736, 0.8978, 0.892, 0.5909, 1.0846, 0.2821, 0.4193, 0.1838, 0.6882, 0.4139, 0.4307, 0.6637, 0.3542, 0.9985, 0.4195, 0.446, 1.1753, 1.4428, 0.6083, 0.1212, 0.4592, 0.8497, 0.481, 0.3777, 0.3008, 0.8671, 0.6687, 0.4155, 0.6057, 0.439, 0.1724, 0.8552, 0.1796, 0.2593, 0.4642, 0.2793, 0.1933, 0.3346, 0.0387, 0.649, 0.7805, 0.9907, 0.7323, 0.8113, 0.1212, 0.9949, 0.399, 1.2879, 0.1211, 0.2642, 0.2692], [0.3581, 1.8203, 1.2511, 1.9442, 0.5166, 2.6541, 2.1983, 1.3775, 0.4987, 1.6952, 1.2913, 1.8707, 0.3848, 1.3737, 1.9264, 1.1597, 1.4269, 2.6787, 1.6966, 0.8228, 1.1402, 2.3471, 1.5321, 0.5515, 1.5386, 1.8397, 0.3642, 0.2319, 1.5357, 1.2072, 0.6453, 0.418, 3.0239, 0.9992, 0.844, 0.6787, 0.3724, 2.1835, 1.3341, 0.7125, 2.4874, 0.5709, 1.6743, 1.88, 2.7415, 1.1617, 0.7418, 0.6565, 0.577, 1.7882, 1.821, 1.23, 2.2077, 0.5703, 0.9149, 0.3673, 1.4373, 0.8235, 0.8999, 1.3589, 0.709, 2.3229, 0.8625, 0.8829, 2.3488, 2.9026, 1.222, 0.2323, 0.9652, 1.7195, 0.9716, 0.7624, 0.6269, 1.7546, 1.3556, 0.8507, 1.2498, 0.411, 0.3679, 1.7339, 0.3576, 0.5319, 0.8799, 0.4628, 0.4013, 0.7466, 0.0803, 1.3244, 1.5557, 1.9415, 1.5116, 1.6427, 0.2323, 2.0346, 0.816, 2.6895, 0.25, 0.561, 0.5567], [0.1769, 0.8878, 0.6006, 0.7924, 0.2485, 1.2104, 1.0916, 0.7352, 0.2386, 0.8232, 0.6736, 0.9249, 0.2356, 0.6252, 0.9247, 0.5517, 0.6837, 1.23, 0.8152, 0.2603, 0.4116, 1.1328, 0.7309, 0.2684, 0.8126, 0.8618, 0.1747, 0.1103, 0.7492, 0.4334, 0.3162, 0.2022, 1.4232, 0.4405, 0.4033, 0.3365, 0.4217, 1.0815, 0.6321, 0.2816, 0.5709, 1.4348, 0.7588, 0.8708, 1.3357, 0.5558, 0.3527, 0.3179, 0.274, 0.8696, 0.8733, 0.592, 1.1623, 0.2781, 0.4601, 0.1691, 0.6769, 0.4054, 0.4207, 0.6493, 0.3367, 0.9565, 0.4185, 0.4349, 1.1449, 1.5041, 0.5926, 0.1112, 0.4578, 1.1298, 0.4674, 0.6224, 0.3029, 0.8518, 0.656, 0.4096, 0.5897, 0.1822, 0.1724, 0.8785, 0.1739, 0.2539, 0.4095, 0.2201, 0.1926, 0.3214, 0.0385, 0.666, 0.7051, 0.9814, 0.7457, 0.7807, 0.1112, 1.0044, 0.4142, 1.2481, 0.1179, 0.2639, 0.268], [0.4779, 2.5186, 1.7442, 2.2686, 0.6919, 3.4662, 2.9613, 1.8268, 0.6646, 2.317, 1.7527, 2.5753, 0.5003, 1.8075, 2.5788, 1.5251, 1.8868, 3.5183, 2.3504, 0.7325, 1.1847, 3.1355, 2.1146, 0.7461, 2.0469, 2.4415, 0.484, 0.305, 2.0854, 1.4911, 0.8842, 0.5533, 4.3001, 1.2346, 1.1268, 0.9274, 0.5023, 2.9356, 1.7807, 0.8543, 1.6743, 0.7588, 3.408, 2.4488, 3.7242, 1.5189, 1.2376, 0.8805, 0.7508, 2.3705, 2.4202, 1.6254, 2.983, 0.7698, 1.1305, 0.4848, 1.9013, 1.1029, 1.1877, 1.796, 1.1967, 2.6945, 1.1494, 1.1827, 3.2381, 3.9295, 1.6452, 0.3038, 1.2861, 2.309, 1.2925, 0.9828, 0.826, 2.368, 1.8458, 1.1434, 1.6674, 0.5118, 0.4883, 2.3503, 0.4741, 0.7093, 1.0883, 0.6164, 0.5372, 0.8997, 0.1074, 1.761, 1.9902, 2.5242, 2.0284, 2.2486, 0.3038, 2.7798, 1.0921, 3.8146, 0.3335, 0.7455, 0.7442], [0.5403, 2.8712, 1.9431, 2.5312, 0.7859, 3.9373, 3.4539, 2.0998, 0.7514, 2.608, 1.946, 2.8505, 0.5565, 1.9689, 2.9315, 1.7157, 2.1422, 4.0071, 2.6496, 0.8434, 1.3058, 3.6654, 2.323, 0.8388, 2.3291, 2.6803, 0.5589, 0.3431, 2.3515, 1.374, 1.0007, 0.6115, 4.6901, 1.4751, 1.2917, 1.0278, 0.5634, 3.358, 2.291, 0.8939, 1.88, 0.8708, 2.4488, 4.0554, 4.512, 1.6473, 1.1254, 0.9982, 0.8812, 2.6868, 2.7943, 1.8536, 3.4376, 0.8701, 1.3738, 0.5317, 2.163, 1.2312, 1.3603, 2.3272, 1.0599, 3.3457, 1.3772, 1.3319, 3.6935, 4.5421, 1.8426, 0.3295, 1.4374, 2.6559, 1.4752, 1.135, 1.0112, 2.7112, 2.1532, 1.312, 1.8785, 0.5645, 0.5361, 2.6663, 0.5374, 0.8011, 1.2389, 0.6895, 0.6107, 1.0981, 0.1221, 2.0843, 2.318, 2.8738, 2.2967, 2.801, 0.3295, 3.1782, 1.2455, 3.9947, 0.3757, 0.8235, 0.8447], [0.8251, 4.3628, 2.9864, 3.8345, 1.1859, 5.8006, 5.5217, 3.2018, 1.1509, 3.8647, 2.935, 4.3489, 0.8452, 2.9688, 4.4193, 2.5689, 3.211, 5.9694, 4.0992, 1.234, 1.9532, 5.7926, 3.5023, 1.2753, 3.5613, 4.0559, 0.8565, 0.5138, 3.5796, 2.0672, 1.5673, 0.9327, 7.2596, 2.1185, 1.9877, 1.5514, 0.8541, 5.1824, 3.1133, 1.3513, 2.7415, 1.3357, 3.7242, 4.512, 7.7426, 2.5191, 1.7024, 1.5099, 1.3059, 4.0811, 4.2826, 2.7842, 5.3498, 1.3194, 1.9509, 0.8033, 3.2398, 1.8806, 2.0504, 3.1727, 1.6146, 4.6186, 1.9954, 2.037, 5.6355, 7.1395, 2.7967, 0.5038, 2.1744, 4.1176, 2.3008, 1.7068, 1.4339, 4.1131, 3.4877, 2.0416, 2.8235, 0.8546, 0.8112, 4.0871, 0.8162, 1.2073, 1.8743, 1.0475, 0.9207, 1.5543, 0.1841, 3.1457, 3.4181, 4.402, 3.5413, 3.9127, 0.5038, 4.788, 1.9137, 5.9772, 0.5647, 1.2461, 1.2791], [0.4216, 1.6499, 1.1263, 1.5086, 0.4778, 2.3272, 2.069, 1.3119, 0.5341, 1.5453, 1.1836, 1.7593, 0.6546, 1.2249, 1.7876, 1.1138, 1.2743, 2.3689, 1.54, 0.5076, 0.8033, 2.2366, 1.4005, 0.5202, 1.7943, 1.63, 0.3357, 0.2228, 1.4131, 1.1629, 0.6032, 0.7086, 2.6913, 0.8455, 0.766, 0.6354, 0.3479, 2.0387, 1.1874, 0.6058, 1.1617, 0.5558, 1.5189, 1.6473, 2.5191, 2.5283, 0.6816, 0.6014, 0.5287, 1.6342, 1.6786, 1.1162, 2.0756, 0.5931, 0.7796, 0.329, 1.2989, 1.0789, 0.8095, 1.2409, 0.6556, 1.826, 0.7729, 0.8095, 2.1305, 2.6945, 1.1881, 0.5057, 0.8912, 1.6864, 1.2308, 0.7446, 0.5543, 1.6216, 1.2566, 0.855, 1.1257, 0.3576, 0.326, 1.678, 0.3268, 0.4974, 0.7622, 0.4199, 0.3724, 0.6138, 0.0745, 1.3167, 1.3511, 1.7331, 1.4752, 1.4631, 0.5057, 1.8892, 0.8509, 2.4032, 0.2251, 0.5042, 0.5487], [0.2278, 1.1282, 0.7742, 1.0128, 0.3334, 1.5661, 1.3978, 0.8466, 0.3134, 1.0402, 0.7999, 1.1834, 0.2262, 0.8088, 1.2605, 0.6924, 0.8551, 1.5911, 1.0671, 0.331, 0.5348, 1.4531, 0.9435, 0.3403, 0.9488, 1.1234, 0.2299, 0.1385, 0.953, 0.6062, 0.406, 0.2551, 1.8777, 0.5794, 0.517, 0.4219, 0.2305, 1.4403, 0.8072, 0.3698, 0.7418, 0.3527, 1.2376, 1.1254, 1.7024, 0.6816, 1.5576, 0.4064, 0.3446, 1.0967, 1.1494, 0.7454, 1.4567, 0.366, 0.5166, 0.2178, 0.8831, 0.5014, 0.5481, 0.8851, 0.4842, 1.2241, 0.5356, 0.535, 1.4582, 1.8115, 0.7486, 0.1363, 0.6087, 1.0832, 0.5978, 0.4495, 0.3739, 1.1531, 0.8467, 0.541, 0.7565, 0.2302, 0.2247, 1.0766, 0.2193, 0.3263, 0.5009, 0.2802, 0.2626, 0.4125, 0.0525, 0.8267, 0.9227, 1.1521, 0.9367, 1.0081, 0.1363, 1.5507, 0.5234, 1.6621, 0.1513, 0.3464, 0.3603], [0.2015, 1.0012, 0.6984, 0.8973, 0.5396, 1.4331, 1.2215, 0.8289, 0.2833, 0.9425, 0.7316, 1.1382, 0.2019, 0.7239, 1.1697, 0.6263, 0.7827, 1.4936, 0.9509, 0.3035, 0.4733, 1.3019, 0.8538, 0.374, 0.849, 0.9863, 0.2008, 0.1253, 1.1569, 0.4923, 0.3804, 0.2245, 1.6375, 0.5324, 0.4831, 0.381, 0.2099, 1.2103, 0.7357, 0.3229, 0.6565, 0.3179, 0.8805, 0.9982, 1.5099, 0.6014, 0.4064, 1.5281, 0.3117, 1.065, 1.0039, 0.944, 1.2364, 0.3195, 0.4651, 0.2084, 0.8693, 0.4629, 0.4995, 0.7418, 0.4038, 1.1158, 0.469, 0.4932, 1.3613, 1.6271, 0.7131, 0.1203, 0.5493, 0.9719, 0.5361, 0.4079, 0.3329, 0.9919, 0.7636, 0.4939, 0.7109, 0.2251, 0.1973, 0.9999, 0.213, 0.3165, 0.4845, 0.3181, 0.2437, 0.3767, 0.0487, 0.7443, 0.8152, 1.0546, 0.8489, 0.8877, 0.1203, 1.1513, 0.4522, 1.4628, 0.1422, 0.3071, 0.3309], [0.173, 0.8634, 0.5848, 0.7643, 0.249, 1.1984, 1.1058, 0.655, 0.236, 0.8063, 0.621, 0.9566, 0.1772, 0.677, 0.9333, 0.5553, 0.6555, 1.2159, 0.7983, 0.3106, 0.4193, 1.1157, 0.7139, 0.2617, 0.7899, 0.8425, 0.1708, 0.1111, 0.7392, 0.426, 0.3203, 0.1941, 1.401, 0.4959, 0.3939, 0.3207, 0.179, 1.049, 0.677, 0.2736, 0.577, 0.274, 0.7508, 0.8812, 1.3059, 0.5287, 0.3446, 0.3117, 1.4223, 0.8305, 0.8538, 0.5703, 1.0683, 0.2688, 0.4568, 0.1792, 0.6687, 0.3871, 0.4139, 0.6367, 0.3415, 0.9651, 0.4214, 0.4067, 1.1162, 1.3807, 0.5695, 0.1057, 0.4542, 0.8336, 0.4575, 0.3574, 0.5401, 0.829, 0.6451, 0.4072, 0.5751, 0.1775, 0.1685, 0.8371, 0.1661, 0.2476, 0.3947, 0.2192, 0.1944, 0.5812, 0.0389, 0.6395, 0.6906, 0.879, 0.9903, 0.8214, 0.1057, 0.9722, 0.4024, 1.241, 0.115, 0.2593, 0.2685], [0.5324, 2.7518, 1.9076, 2.5054, 0.7887, 3.7839, 3.284, 2.1291, 0.7322, 2.523, 1.9301, 2.887, 0.5621, 1.9232, 2.8786, 1.6613, 2.1491, 3.8992, 2.6195, 0.87, 1.2669, 3.4862, 2.4268, 0.9857, 2.267, 2.6229, 0.5532, 0.3323, 2.6918, 1.3381, 0.9862, 0.6195, 4.4563, 1.3693, 1.2644, 1.0576, 0.5599, 3.269, 1.967, 0.8978, 1.7882, 0.8696, 2.3705, 2.6868, 4.0811, 1.6342, 1.0967, 1.065, 0.8305, 4.1279, 2.7662, 1.8444, 3.3452, 0.9312, 1.2761, 0.5397, 2.1289, 1.3059, 1.3331, 1.9973, 1.0515, 2.9607, 1.3365, 1.4637, 3.6181, 4.4482, 2.2366, 0.3268, 1.408, 2.6118, 1.4244, 1.1764, 0.9069, 2.9789, 2.0441, 1.2694, 2.1779, 0.6455, 0.5246, 2.6586, 0.8256, 0.8731, 1.5545, 0.7754, 0.5997, 1.0074, 0.1199, 1.9759, 2.2106, 3.1741, 2.2384, 2.4277, 0.3268, 3.1131, 1.